$SimulationHeader
$EndSimulationHeader
$Dimensions
5.8
16.6
24.3
-4.5
16.0
$EndDimensions
$ParametricEquations
7.5*sin(4*t) + 21.0, 7.5*cos(3*t) + 19.5, 0.0, 6.283185307179586
$EndParametricEquations
$DataCount
320
$EndDataCount
$XYCoordinates
21.0 27.0
21.590284055221954 26.98691041794512
22.176905972100947 26.947687361689372
22.756226332299967 26.882467741476308
23.32465101653835 26.79147920999136
23.878653502605616 26.67503936772757
24.414796744001226 26.533554654383547
24.929754493464625 26.367518930163243
25.420331939103757 26.177511751929654
25.883485525094997 25.964196350229578
26.316341833986296 25.728317314250784
26.716215413457274 25.470697992792328
27.08062543693848 25.19223762032012
27.40731109472695 24.893908178139363
27.69424562011114 24.576751001640133
27.93964886348675 24.241873145458726
28.141998336453312 23.890443519242304
28.300038657373683 23.523688807505227
28.412789339795864 23.14288918781904
28.479550875417633 22.749373862281978
28.49990907385511 22.344516417865623
28.473737632291144 21.929730031833778
28.401198919061446 21.506462538969156
28.282742966317006 21.076191377826166
28.119104678012384 20.64041843365004
27.911299270541576 20.200664795963476
27.660615974307888 19.758465449119647
27.36861003530339 19.31536391435459
27.037093066320516 18.872906862041095
26.668121807656938 18.43263871295036
26.26398536704282 17.99609624736604
25.827191017954163 17.564803240867786
25.3604486444199 17.14026514550846
24.866653928827663 16.72396383495064
24.34887038703143 16.317352431904755
23.81031036221578 15.921850235924023
23.254315095431394 15.53883776926103
22.684333996444604 15.169651958078564
22.103903243505343 14.81558146583501
21.516623844801057 14.477862195133419
20.9261392977039 14.157672973735222
20.33611298441388 13.85613143979684
19.750205444235995 13.574290140691991
19.172051663494766 13.313132859036966
18.60523852398015 13.07357117874308
18.05328254983531 12.856441303082718
17.519608090945113 12.662501135875614
17.007526078176266 12.492427635983741
16.520213482272112 12.346814454349017
16.060693603839674 12.22616986182192
15.631817316710404 12.130914975014012
15.236245381041364 12.061382286367156
14.876431935886792 12.0178145035703
14.554609273652613 12.000363702374873
14.272773990893608 12.009090795765989
14.032674601374065 12.043965321342302
13.835800688240774 12.104865547646707
13.683373662608663 12.1915788990767
13.576339185893005 12.30380269789127
13.515361302900242 12.441145220724259
13.500818322075954 12.603127065916402
13.532800468468954 12.789182826893285
13.611109323972642 12.998663065748222
13.735259058316323 13.230836580141112
13.904479443169443 13.484892955600586
14.117720630659097 13.759945394320479
14.373659666654829 14.05503381057652
14.670708698412026 14.369128181958562
15.007024825653591 14.70113214472069
15.380521533973404 15.049886820699417
15.788881639628464 15.414174862441861
16.22957166540992 15.792724702424298
16.699857558404624 16.18421499152878
17.196821652133757 16.587279211285185
17.71738076783514 17.000510443779415
18.25830534258815 17.422466282578043
18.81623946560994 17.851673867527595
19.387721698417316 18.286635025854263
19.969206549685275 18.7258315016187
20.557086471571644 19.167730255272165
21.147714241042106 19.61078881481575
21.737425587341164 20.05346065988406
22.322561925227586 20.494200619959912
22.899493052936865 20.931470267877373
23.46463967405173 21.363743289786704
24.014495603554515 21.789510812837126
24.545649520294468 22.20728667198083
25.054806130916983 22.61561259751415
25.538806613953238 23.013063305248426
25.994648217234587 23.398251471543226
26.419502887048722 23.76983257583607
26.810734813461835 24.12650959376571
27.16591678295524 24.467037524507273
27.482845236924053 24.790227736516382
27.759553942614758 25.09495211651318
27.994326191686724 25.38014700722405
28.185705450717478 25.644816920136037
28.332504397575665 25.888038010304463
28.433812287599903 26.108961301084733
28.48900060388343 26.306815647532176
28.497726956610087 26.480910428126073
28.459937207250075 26.630637955422166
28.375865804436856 26.755475597219288
28.24603432944146 26.854987600835877
28.07124826026807 26.928826614128795
27.852591974446582 26.97673489794514
27.591422021524874 26.99854522577502
27.289358706998513 26.994181467464895
26.948276039891372 26.963658854954087
26.57029010635262 26.90708392910686
26.157745941400677 26.82465416782565
25.71320298026214 26.716657296743538
25.239419179565985 26.58347028490204
24.739333906905568 26.425558028919866
24.216049704922135 26.243471730245588
23.672813043045764 26.037846971158558
23.112994176310725 25.80940149623386
22.540066236201497 25.55893270701526
21.957583683250547 25.287314878641062
21.369160255068408 24.995496108138482
20.778446546617282 24.684495005038638
20.189107361820437 24.355397135863708
19.604798977018998 24.00935123489706
19.029146457334015 23.64756519446283
18.465721166663776 23.27130184871102
17.918018610845007 22.881874565625218
17.389436751439543 22.480642662639145
16.883254924688295 22.069006661864034
16.402613496419967 21.648403401488917
15.95049437913602 21.220301020417597
15.529702532144334 20.786193833648714
15.142848559515345 20.347597116286757
14.792332513823318 19.90604181439063
14.48032900615491 19.463069201121925
14.208773714762746 19.02022549684583
13.979351376064898 18.579056471963565
13.793485332494294 18.141102051315478
13.65232870204352 17.707890938988314
13.556757224289417 17.280935282289267
13.507363827280916 16.86172539351224
13.50445494899728 16.451724547920527
13.548048636198544 16.05236387610372
13.637874432462926 15.665037368537337
13.773375056105825 15.291097009782138
13.953709857570567 14.93184805930733
14.177760034841112 14.58854449541036
14.444135574520235 14.262384638136385
14.751183875510453 13.954506966476018
15.097000001796218 13.66598614444154
15.479438500718794 13.397829269892835
15.896126713422957 13.15097235920669
16.34447949489705 12.92627708005999
16.821715252283074 12.724527743731052
17.324873201954397 12.546428567417847
17.850831738298012 12.39260121612898
18.39632780024067 12.263582632727648
18.957977115368625 12.15982316370292
19.532295196045713 12.08168498721048
20.115718957269575 12.029440848869733
20.704628822147917 12.003273109730207
21.295371177852076 12.003273109730207
21.884281042730418 12.029440848869733
22.467704803954295 12.08168498721048
23.042022884631383 12.159823163702923
23.603672199759323 12.263582632727648
24.14916826170198 12.39260121612898
24.675126798045596 12.546428567417845
25.178284747716923 12.724527743731048
25.655520505102952 12.926277080059993
26.10387328657705 13.150972359206694
26.5205614992812 13.397829269892831
26.90299999820378 13.665986144441536
27.248816124489544 13.954506966476014
27.55586442547976 14.262384638136382
27.82223996515889 14.588544495410368
28.046290142429434 14.931848059307336
28.226624943894173 15.291097009782135
28.36212556753707 15.665037368537332
28.451951363801456 16.052363876103712
28.495545051002722 16.451724547920524
28.492636172719084 16.861725393512234
28.443242775710583 17.280935282289274
28.34767129795648 17.707890938988307
28.206514667505708 18.141102051315475
28.020648623935102 18.579056471963554
27.791226285237258 19.02022549684583
27.519670993845086 19.46306920112193
27.20766748617668 19.90604181439063
26.85715144048466 20.34759711628675
26.47029746785567 20.786193833648706
26.049505620863986 21.22030102041759
25.59738650358004 21.648403401488913
25.1167450753117 22.06900666186404
24.61056324856045 22.480642662639152
24.08198138915499 22.881874565625225
23.53427883333623 23.271301848711015
22.970853542665992 23.64756519446282
22.39520102298101 24.009351234897057
21.81089263817957 24.355397135863704
21.22155345338271 24.68449500503864
20.630839744931585 24.995496108138486
20.042416316749463 25.28731487864106
19.45993376379851 25.558932707015256
18.887005823689282 25.809401496233857
18.32718695695423 26.03784697115856
17.783950295077858 26.243471730245588
17.26066609309443 26.42555802891987
16.760580820434022 26.583470284902038
16.286797019737868 26.716657296743538
15.84225405859933 26.82465416782565
15.429709893647384 26.90708392910686
15.051723960108632 26.963658854954083
14.710641293001492 26.994181467464895
14.408577978475137 26.998545225775022
14.147408025553418 26.97673489794514
13.928751739731926 26.92882661412879
13.753965670558538 26.854987600835877
13.62413419556314 26.755475597219288
13.540062792749925 26.630637955422166
13.502273043389915 26.480910428126073
13.51099939611657 26.30681564753218
13.566187712400094 26.108961301084733
13.667495602424335 25.888038010304466
13.814294549282522 25.64481692013604
14.005673808313269 25.38014700722406
14.240446057385237 25.094952116513188
14.517154763075952 24.79022773651638
14.834083217044764 24.467037524507266
15.189265186538169 24.126509593765714
15.580497112951285 23.769832575836062
16.00535178276541 23.39825147154323
16.46119338604676 23.01306330524842
16.945193869083017 22.615612597514158
17.454350479705525 22.20728667198083
17.985504396445478 21.789510812837136
18.535360325948265 21.363743289786704
19.10050694706312 20.931470267877394
19.6774380747724 20.49420061995992
20.262574412658847 20.053460659884053
20.852285758957898 19.61078881481574
21.442913528428363 19.167730255272154
22.03079345031473 18.725831501618693
22.612278301582684 18.286635025854263
23.18376053439006 17.851673867527595
23.74169465741185 17.422466282578043
24.28261923216485 17.000510443779422
24.803178347866236 16.587279211285193
25.30014244159537 16.184214991528783
25.770428334590065 15.792724702424309
26.211118360371525 15.414174862441872
26.619478466026607 15.049886820699404
26.992975174346412 14.701132144720695
27.32929130158798 14.369128181958553
27.626340333345173 14.055033810576521
27.882279369340903 13.759945394320475
28.095520556830557 13.48489295560059
28.264740941683677 13.230836580141109
28.38889067602736 12.998663065748227
28.467199531531044 12.789182826893285
28.499181677924046 12.603127065916407
28.484638697099758 12.441145220724259
28.423660814107 12.303802697891275
28.31662633739134 12.1915788990767
28.164199311759226 12.104865547646705
27.96732539862593 12.043965321342302
27.72722600910639 12.009090795765989
27.445390726347387 12.000363702374873
27.123568064113208 12.0178145035703
26.763754618958636 12.061382286367156
26.3681826832896 12.13091497501401
25.939306396160333 12.22616986182192
25.479786517727895 12.346814454349015
24.992473921823745 12.492427635983733
24.4803919090549 12.662501135875608
23.946717450164705 12.856441303082718
23.39476147601984 13.073571178743087
22.827948336505226 13.313132859036962
22.249794555764 13.574290140691998
21.663887015586116 13.856131439796837
21.0738607022961 14.157672973735227
20.483376155198943 14.477862195133415
19.89609675649466 14.815581465835013
19.315666003555403 15.169651958078553
18.745684904568613 15.53883776926103
18.189689637784227 15.921850235924008
17.651129612968585 16.317352431904748
17.133346071172348 16.723963834950627
16.639551355580092 17.140265145508458
16.172808982045833 17.56480324086779
15.736014632957176 17.996096247366058
15.33187819234306 18.432638712950364
14.962906933679484 18.87290686204108
14.63138996469661 19.315363914354588
14.339384025692116 19.758465449119658
14.088700729458424 20.200664795963473
13.88089532198762 20.640418433650023
13.717257033682998 21.07619137782616
13.598801080938555 21.50646253896916
13.526262367708856 21.929730031833767
13.500090926144889 22.344516417865627
13.520449124582367 22.74937386228199
13.587210660204137 23.142889187819037
13.699961342626317 23.52368880750523
13.858001663546688 23.890443519242297
14.060351136513251 24.241873145458733
14.305754379888857 24.576751001640126
14.592688905273047 24.893908178139363
14.919374563061517 25.19223762032011
15.283784586542719 25.470697992792328
15.683658166013696 25.728317314250774
16.116514474904996 25.964196350229578
16.579668060896253 26.177511751929657
17.070245506535382 26.36751893016325
17.58520325599878 26.533554654383547
18.121346497394388 26.675039367727567
18.67534898346165 26.79147920999136
19.24377366770003 26.88246774147631
19.82309402789905 26.947687361689372
20.409715944778043 26.98691041794512
20.999999999999993 27.0
$EndXYCoordinates
$ThetaValues
-0.19478735653199164 0.1915021418961642
-0.2205780312705078 0.19863322729979088
-0.24630498560444913 0.20511366580456733
-0.27180941711182743 0.21087267450917482
-0.2969260523363792 0.21581833896456895
-0.32148305009101 0.2198375768722004
-0.34530241889297547 0.2227969324761056
-0.3682011537612108 0.22454447887092274
-0.38999330709811975 0.2249131214450361
-0.410493179451676 0.22372555692845328
-0.4295197283396796 0.22080101939555657
-0.44690213339046286 0.21596371738045836
-0.4624862279155809 0.20905253984638003
-0.4761412473334229 0.19993123660085518
-0.4877661229502008 0.18849796006958003
-0.4972944543376906 0.1746929191795707
-0.5046973939546961 0.1585030420958691
-0.5099839817699393 0.13996298442716007
-0.5131989026782439 0.11915244788005035
-0.5144180758376742 0.09619040361341769
-0.5137427942440296 0.0712272590399314
-0.5112932438983477 0.044436164467898234
-0.5072021534419122 0.016004539776690658
-0.5016091229601584 -0.013873392498108884
-0.4946559391134981 -0.0450026306164588
-0.4864829689533035 -0.07719184593240164
-0.47722657065311025 -0.11025635689989984
-0.4670173715095311 -0.1440198420679478
-0.455979229888591 -0.17831505549176194
-0.44422870049923524 -0.21298380201919798
-0.43187484495142403 -0.247876395956109
-0.41901925988432104 -0.2828507823446151
-0.40575622559391966 -0.3177714563710704
-0.3921729053158559 -0.35250827877786006
-0.3783495478492803 -0.3869352556020929
-0.36435966416184984 -0.42092932916035236
-0.350270162779461 -0.4543692130991213
-0.3361414401405228 -0.48713429642530864
-0.32202743166013825 -0.5191036386596587
-0.3079756378316164 -0.5501550797184815
-0.2940271479044914 -0.5801644930753495
-0.28021669187230014 -0.6090052184918673
-0.26657275971813343 -0.6365477203602605
-0.2531178347542542 -0.6626595284350789
-0.2398687946354257 -0.6872055279538476
-0.2268375378528498 -0.7100486737177918
-0.21403189326581867 -0.7310512047115972
-0.20145686302094615 -0.7500764286232621
-0.18911623230657973 -0.7669911250613074
-0.1770145503786009 -0.7816685785253178
-0.16515944448198425 -0.793992194272578
-0.1535641744532798 -0.8038595751042075
-0.1422502707034273 -0.8111868438108103
-0.13125003901263785 -0.8159129073259976
-0.12060866486107936 -0.8180032783320956
-0.11038563143020585 -0.8174530316938313
-0.10065518699244334 -0.8142884886143904
-0.09150566869667523 -0.8085673073399363
-0.0830376063074709 -0.8003768116025552
-0.07536067549037512 -0.7898305877227354
-0.06858971953417925 -0.7770635936393274
-0.06284018121273863 -0.7622262067343097
-0.05822335759127357 -0.7454777555939882
-0.05484189697078128 -0.7269801125264389
-0.05278590153176359 -0.7068918690000879
-0.052129897424066464 -0.6853634937494549
-0.052930809945700937 -0.6625337140796695
-0.05522695929159884 -0.6385271976919674
-0.059037991154562625 -0.6134534719959391
-0.06436558660141536 -0.587406916304045
-0.07119475959493846 -0.5604676046503053
-0.07949554383917867 -0.5327027590544452
-0.0892248858631155 -0.504168585911797
-0.10032858975713237 -0.47491230087071495
-0.11274319314734733 -0.44497419004897043
-0.12639768803946894 -0.4143895998845752
-0.1412150303499516 -0.3831907890873296
-0.15711340632968845 -0.3514086112291093
-0.17400724208167676 -0.31907402453289024
-0.19180795425064495 -0.28621944672087424
-0.21042444644510658 -0.2528799884403618
-0.22976335791787963 -0.21909461023334525
-0.249729069314291 -0.1849072567664545
-0.2702234655878517 -0.15036802952806957
-0.29114544899342737 -0.11553446669116113
-0.31239018577882915 -0.08047300735561679
-0.3338480591273994 -0.04526072757524497
-0.3554032885785177 -0.009987447535733503
-0.3769321635837445 0.025241677999845252
-0.39830082830185787 0.06030296322901638
-0.41936255080789986 0.09505026409375204
-0.4399544215691993 0.12931021519603472
-0.4598934697622202 0.16287659090382492
-0.47897228993030766 0.195503902582707
-0.49695447971560097 0.22690064708481464
-0.5135705614354829 0.2567231636151053
-0.5285156533624032 0.28457192174996354
-0.5414509669277646 0.30999324953409846
-0.5520120404805597 0.3324907386634167
-0.5598269125445622 0.35155101121077936
-0.5645461833915812 0.3666867347948549
-0.5658831420895308 0.37749430834432307
-0.5636562372587954 0.38371506402324457
-0.5578212182160964 0.38528161052567034
-0.5484809068938097 0.3823318339063544
-0.5358684904271569 0.3751845771180737
-0.520310972199802 0.364286628282285
-0.5021857734480512 0.3501498657500952
-0.4818823792553913 0.3332957884746796
-0.4597752537705831 0.31421640804267603
-0.4362086286820564 0.29335231431220465
-0.4114906219550998 0.27108417539896856
-0.38589337832747306 0.24773284527825468
-0.3596564494777113 0.22356403853441617
-0.3329915206144793 0.1987948372271506
-0.3060873737193035 0.1736004410723872
-0.27911452383416185 0.14812036982127214
-0.2522292955415405 0.12246380992506627
-0.22557728558902204 0.09671405998347181
-0.19929624257835682 0.0709321563733234
-0.17351842673747678 0.045159811771177144
-0.14837251740928023 0.01942181204048301
-0.12398512749857767 -0.006271987837318969
-0.10048197044262565 -0.031924939365246256
-0.07798871016432722 -0.057552030602191245
-0.05663150973486918 -0.08317836491146316
-0.036537280864551075 -0.10883759223198389
-0.017833624236408094 -0.13457020512546017
-0.0006484403562568354 -0.16042161988266934
0.014890817556335638 -0.18643997185118436
0.028658282394654344 -0.21267356534468743
0.04053123884038089 -0.23916793374527626
0.05039214703069837 -0.2659624866714039
0.058131144171846054 -0.29308675043535065
0.06364902356652843 -0.3205562474394956
0.06686065867784546 -0.3483681111177612
0.06769879517480223 -0.37649659576569655
0.06611807632447643 -0.4048887131945954
0.06209909902685052 -0.4334603053379457
0.05565222528969792 -0.4620929340591757
0.046820807593393014 -0.4906320218355565
0.03568344150996536 -0.5188866908857015
0.022354853171782315 -0.5466317033851352
0.0069850800601456865 -0.5736117851510592
-0.010243277971527907 -0.5995484139642386
-0.029119776414760132 -0.6241488840555482
-0.04941262124058082 -0.6471171549246383
-0.0708765107837855 -0.6681657098475787
-0.0932611934807052 -0.687027449852709
-0.11631999589437239 -0.7034665858696774
-0.1398175761941351 -0.7172875905470535
-0.16353627674501345 -0.7283415181885656
-0.18728065882926048 -0.7365293456761121
-0.21088005528346018 -0.7418023567058956
-0.2341892201718766 -0.7441599142307009
-0.2570873457492022 -0.7436451901246393
-0.2794758327920602 -0.7403395259773113
-0.3012752388982983 -0.734356093018056
-0.3224218048955197 -0.7258334316166993
-0.34286389385449934 -0.7149293165916498
-0.3625585932919306 -0.701815248031745
-0.381468646664899 -0.6866717316280481
-0.39955980697679677 -0.6696844019047342
-0.41679864864053884 -0.651040960679923
-0.4331508345871425 -0.6309288500897289
-0.44857981205131 -0.6095335496879766
-0.463045899302914 -0.5870373745155247
-0.4765057233553073 -0.5636186499851824
-0.48891197221172206 -0.5394511453967653
-0.5002134318919688 -0.5147036576482432
-0.5103552862429129 -0.4895396482824902
-0.5192796647604826 -0.4641168495340969
-0.5269264290524533 -0.43858676849700695
-0.5332341911033706 -0.41309403349612983
-0.5381415553280856 -0.38777554410644843
-0.5415885709396313 -0.36275940691818825
-0.5435183712209533 -0.33816366363937617
-0.5438789622676916 -0.31409484625999373
-0.5426251068326946 -0.29064642447728223
-0.5397202310032588 -0.267897240833736
-0.5351382659360278 -0.24591005500636642
-0.528865325832786 -0.2247303362728974
-0.520901122299957 -0.20438544694209249
-0.5112600237026196 -0.18488434730636175
-0.4999716889631761 -0.16621792277176076
-0.48708123543022736 -0.1483599891595779
-0.4726489365992758 -0.13126897806443205
-0.45674948219537626 -0.11489024824506738
-0.43947086489730147 -0.09915891933588591
-0.42091298030071717 -0.08400308730068291
-0.4011860371219077 -0.06934726079059886
-0.38040887307334204 -0.055115854358025095
-0.3587072603524332 -0.04123658582422373
-0.33621226668396315 -0.027643646649314724
-0.31305871717644546 -0.014280541002979057
-0.28938378233503403 -0.0011025170377010904
-0.2653257009485352 0.01192146048021252
-0.24102263466001328 0.024807225187602484
-0.21661164422553147 0.037554423175530566
-0.19222777533394078 0.050146023595454316
-0.16800324343156672 0.0625483123351479
-0.14406671101720564 0.07471134617974835
-0.12054265602352891 0.08656983692880897
-0.09755083494700345 0.09804442772162365
-0.0752058482935888 0.10904331723741992
-0.05361681790511108 0.11946418165995124
-0.03288718536521499 0.1291963396620078
-0.01311463782153739 0.13812310254701698
0.00560883762136372 0.14612425038910043
0.023196776840566057 0.15307857570739247
0.039567953147462746 0.1588664388894829
0.054646006162637165 0.16337228406301355
0.06835901636993733 0.16648707007599448
0.08063906379510674 0.1681105782441747
0.09142181460010457 0.16815356607608867
0.1006461823649278 0.16653974361912274
0.1082541110646736 0.16320755615584787
0.1141905240904987 0.15811176256954804
0.1184034780308263 0.15122480297610535
0.12084455142818247 0.14253795108803557
0.12146948759162841 0.13206224629367155
0.12023909687583136 0.11982919710322149
0.11712040822808147 0.10589124178474055
0.11208804249607926 0.09032194383792318
0.10512576169150059 0.07321589047113204
0.09622813017961672 0.05468825268759091
0.08540220656796312 0.03487395776680585
0.07266917073835351 0.013926420982509822
0.05806578074711295 -0.007984214407374783
0.041645551278208584 -0.030673369490355554
0.023479550807711587 -0.053944875029728764
0.003656729896102489 -0.0775943608396999
-0.017716281689664284 -0.10141314227983929
-0.040515937170849774 -0.12519251381794996
-0.06460308213488554 -0.14872831613205678
-0.08982475671943087 -0.17182560524438323
-0.11601639708965503 -0.19430322563957028
-0.14300431181625292 -0.21599807906017715
-0.17060829039430145 -0.23676888933814846
-0.19864419779133238 -0.2564992909367351
-0.22692642081376244 -0.27510011155250336
-0.25527005718455964 -0.29251077144774507
-0.2834927726692584 -0.3086997771485676
-0.3114162905140579 -0.3236643378448542
-0.3388675159399271 -0.3374291737148459
-0.36567933226100124 -0.350044613138764
-0.39169113136645384 -0.3615840895666455
-0.41674915817941993 -0.3721411501947351
-0.44070675584846164 -0.38182608084712005
-0.4634245962936539 -0.3907622387741208
-0.4847709703323731 -0.3990821718382514
-0.5046221942647383 -0.4069235925749012
-0.5228631670202596 -0.41442527157152353
-0.5393880855076175 -0.42172291765243425
-0.5541012977763936 -0.42894512187234235
-0.5669182465533891 -0.436209455934879
-0.57776643261173 -0.44361882960880067
-0.5865863114509781 -0.4512582210881128
-0.593332030518635 -0.4591918952771714
-0.5979719197159659 -0.4674612132424195
-0.600488665111703 -0.47608311186941493
-0.6008791230884135 -0.4850492969661098
-0.599153765950932 -0.4943261505769303
-0.5953357856635492 -0.5038553102372945
-0.5894599149634844 -0.5135548409708257
-0.5815710505685138 -0.5233208955393477
-0.571722779049612 -0.5330297480391778
-0.5599759117545123 -0.5425400910981595
-0.5463971317543501 -0.5516955055431246
-0.5310578456774085 -0.5603270400136201
-0.51403331863684 -0.5682558712097585
-0.4954021542217791 -0.5752960507001402
-0.47524616392470387 -0.5812573740236113
-0.45365065315917713 -0.5859484318789961
-0.4307051326981478 -0.5891799163088203
-0.4065044439961241 -0.5907682551085931
-0.38115026263326435 -0.5905396325480423
-0.3547529144791647 -0.5883344218679918
-0.3274334033291668 -0.5840120036091951
-0.2993255075702367 -0.577455874746768
-0.27057775988192295 -0.5685788697710686
-0.24135508411719944 -0.5573282250189912
-0.2118398359294633 -0.5436901335612432
-0.18223198898217266 -0.5276933770107708
-0.15274823686676176 -0.5094116012022535
-0.12361984890745661 -0.48896384110826646
-0.09508922568087752 -0.46651300511812466
-0.06740523772764083 -0.4422621957120786
-0.04081757938432876 -0.41644895332935794
-0.0155705031882776 -0.38933773049203396
0.00810360734660486 -0.36121109533215007
0.029990337181652872 -0.3323602923872085
0.04989855823211938 -0.30307583169279145
0.06766461010102713 -0.27363873133294664
0.08315512312652315 -0.24431291881552258
0.09626841483089112 -0.21533913103968103
0.10693453054900091 -0.1869304738410073
0.11511410823255848 -0.15926963902655158
0.12079631635722637 -0.13250764912897559
0.12399614187270726 -0.10676391650467658
0.12475129848433669 -0.08212736292941991
0.12311899418222313 -0.05865834106344404
0.11917275151345685 -0.03639111962117314
0.11299942394306284 -0.01533672920687305
0.1046965036770623 0.004513993336209122
0.09436977482399003 0.023187284006186377
0.08213133277486388 0.04072334050234438
0.06809796652474696 0.057173278088479
0.05238988459962095 0.07259618736269725
0.03512975597796329 0.08705631271168043
0.016442033394199043 0.1006203592155662
-0.0035474738012887855 0.11335492865759414
-0.02471180780517126 0.12532408096866662
-0.04692287856259144 0.13658701502939316
-0.0700513110994733 0.1471958617074207
-0.09396614361899194 0.15719358212794782
-0.11853439374446348 0.1666119656372482
-0.1436205099819282 0.17546972528363905
-0.1690857278960944 0.18377069485512026
-0.19478735653209703 0.19150214189592674
$EndThetaValues
$RotorRadiiValues
0.0 10.851149665934354 11.743237739851546 -1.2524797725274635 -1.071511537543812
0.01969650566513977 10.846142631972505 11.840941951749727 -1.2759607173133383 -1.0816028939682916
0.03939301133027954 10.841981469319979 11.94231675891358 -1.2991020066069705 -1.0920922065869376
0.05908951699541931 10.838594917986487 12.046508957813995 -1.3218639379734025 -1.1030346000723787
0.07878602266055908 10.835920825422054 12.152554168401243 -1.3441957890034075 -1.1144765842865092
0.09848252832569884 10.833907192749278 12.259385282150564 -1.366035776190097 -1.1264559289312794
0.11817903399083862 10.832516076838518 12.36584442804947 -1.3873114804054425 -1.1390016971413859
0.13787553965597837 10.831731070807164 12.470699393649063 -1.4079408893354157 -1.1521344229725135
0.15757204532111815 10.83156893472018 12.572665523161065 -1.4278342228702787 -1.1658664195267583
0.17726855098625793 10.832095561862554 12.670433972478106 -1.4468966980186915 -1.1802022093964075
0.19696505665139769 10.833445779588452 12.762706709636145 -1.4650323390500184 -1.195139075832497
0.21666156231653746 10.835845496493013 12.848237726372911 -1.4821488325608856 -1.210667739012199
0.23635806798167724 10.839633541567578 12.925878597268003 -1.4981632618334597 -1.2267731638204395
0.256054573646817 10.845279476547685 12.994625005146379 -1.513008348977449 -1.243435500112901
0.27575107931195675 10.853393111650762 13.053659559241353 -1.5266386303407322 -1.2606311419108533
0.29544758497709656 10.864721822464693 13.102385694820848 -1.5390358560325406 -1.2783338697709028
0.3151440906422363 10.88013323977792 13.14044807144661 -1.5502129000891705 -1.2965160163885314
0.33484059630737606 10.90058325429077 13.167736730210091 -1.5602156224846215 -1.315149577725909
0.35453710197251587 10.927071933451789 13.184374895172844 -1.5691224110489739 -1.3342071883048046
0.3742336076376556 10.960592105025727 13.190692937759588 -1.577041473825776 -1.3536628928567667
0.39393011330279537 11.002076413693471 13.187192896587739 -1.5841062569265452 -1.3734926739486406
0.4136266189679352 11.052348424500366 13.17450863153026 -1.5904695592136837 -1.3936747284411277
0.43332312463307493 11.112082094035848 13.153366236312017 -1.5962969801146234 -1.4141895155935769
0.4530196302982147 11.181772170893995 13.124548129478436 -1.601760290594084 -1.4350196201976109
0.4727161359633545 11.261716331301457 13.088862792580267 -1.6070312030982274 -1.456149483264796
0.49241264162849424 11.35200844608661 13.04712082493203 -1.612275877072923 -1.4775650522082526
0.512109147293634 11.45254144642349 13.000117043512569 -1.6176503626510108 -1.4992533956376148
0.5318056529587738 11.563017785697548 12.948617811711822 -1.6232970716832333 -1.521202318302909
0.5515021586239135 11.682965382143468 12.893352562582535 -1.6293422768668255 -1.5434000020184382
0.5711986642890533 11.81175705252182 12.835008485868093 -1.6358945751920726 -1.5658346900388374
0.5908951699541931 11.948631708199553 12.774227474690212 -1.6430442082668653 -1.5884944258782072
0.6105916756193328 12.092715905917695 12.711604604182527 -1.6508631061108057 -1.6113668528912837
0.6302881812844726 12.243044676330136 12.647687594890446 -1.6594055097849467 -1.6344390777105082
0.6499846869496124 12.39858086406236 12.582976874772589 -1.668709028914365 -1.6576975984046904
0.6696811926147521 12.558232487585531 12.517925986181018 -1.6787959999401276 -1.6811282965683263
0.6893776982798919 12.720867859124228 12.452942187772472 -1.6896750270032475 -1.7047164911101702
0.7090742039450317 12.885328393886883 12.388387179500302 -1.7013426070929896 -1.7284470500085671
0.7287707096101714 13.050439187925766 12.324577936657569 -1.7137847622215043 -1.7523045545329423
0.7484672152753112 13.215017561058362 12.261787681344234 -1.7269786221420476 -1.776273508248814
0.768163720940451 13.377879852716147 12.200247050930338 -1.7408939202702678 -1.8003385804330594
0.7878602266055907 13.537846831470427 12.140145546248453 -1.7554943822562854 -1.8244848702856253
0.8075567322707305 13.69374813943274 12.081633359344393 -1.770739000748358 -1.8486981745570015
0.8272532379358704 13.844426244939116 12.024823692308786 -1.7865832012158198 -1.8729652370304928
0.84694974360101 13.988740422321737 11.969795684223612 -1.8029799123226877 -1.8972739539441548
0.8666462492661499 14.125571313929036 11.916598060229221 -1.8198805603374184 -1.921613505324983
0.8863427549312897 14.253826650231796 11.865253601176926 -1.8372360104168628 -1.9459743789845168
0.9060392605964294 14.372448697255523 11.815764498930893 -1.8549974781611014 -1.9703482525154994
0.9257357662615692 14.480423950273856 11.768118605154363 -1.8731174323098323 -1.9947277002492942
0.945432271926709 14.576795478710473 11.722296495321004 -1.89155050348975 -2.0191056982290227
0.9651287775918487 14.66067812949246 11.678279153273213 -1.9102544042824896 -2.043474912299692
0.9848252832569885 14.731276496564018 11.636055938658046 -1.929190852732892 -2.0678267737477127
1.0045217889221283 14.787905174815346 11.595632351766362 -1.9483264754361405 -2.092150373174701
1.024218294587268 14.830010321995356 11.557036968431865 -1.9676336497616296 -2.1164312370929124
1.0439148002524077 14.857191068562468 11.520326850295328 -1.987091229794931 -2.1406500864697318
1.0636113059175476 14.869218849334306 11.485590749727235 -2.0066850918672166 -2.1647817101914213
1.0833078115826873 14.866052462541713 11.452949589249602 -2.0264084362085866 -2.188794107909626
1.103004317247827 14.847846657595229 11.422553992081612 -2.046261794609688 -2.2126480596163987
1.122700822912967 14.81495241883478 11.39457905107398 -2.0662527201032193 -2.236297256011957
1.1423973285781066 14.767907851542757 11.369216970020885 -2.0863951706387405 -2.2596890727474563
1.1620938342432463 14.707419612823251 11.346668590043798 -2.1067086380788522 -2.282765997775633
1.1817903399083862 14.634335994657386 11.327135019206459 -2.1272171081743076 -2.305467636274511
1.201486845573526 14.549613837558754 11.310810548146572 -2.1479479584266516 -2.3277331383733766
1.2211833512386656 14.454282214239045 11.29787775494964 -2.168930903809609 -2.349503837840525
1.2408798569038055 14.349406124772822 11.28850524552565 -2.190197084713854 -2.3707258666649684
1.2605763625689452 14.236053252698207 11.28284795685237 -2.2117783613437756 -2.391352524241837
1.280272868234085 14.115266218534918 11.281049492835601 -2.233706841441792 -2.4113462250772506
1.2999693738992248 13.988041891653555 11.283245660514643 -2.2560146316287075 -2.430679913356438
1.3196658795643645 13.855318369727021 11.289568268571724 -2.2787337732702873 -2.449337901935729
1.3393623852295042 13.717969373688721 11.300148327038505 -2.301896305138582 -2.4673161546494025
1.3590588908946442 13.576805146134404 11.31511799376433 -2.325534387711542 -2.4846220762287707
1.3787553965597839 13.432578530759342 11.334610882659883 -2.3496804258380686 -2.5012739006025475
1.3984519022249235 13.28599473915927 11.358760617938435 -2.374367134631358 -2.517299777494898
1.4181484078900635 13.13772333395651 11.387697744043402 -2.399627504603246 -2.532736653090031
1.4378449135552032 12.988411110880055 11.421545259846441 -2.4254946336118803 -2.547629028170986
1.4575414192203429 12.838694785675711 11.460413134180435 -2.45200140347262 -2.562027661154861
1.4772379248854828 12.689212633876597 11.504392186243665 -2.479179987321361 -2.5759882673116197
1.4969344305506225 12.540614457087866 11.553547693324779 -2.507061180007925 -2.589570251310197
1.5166309362157622 12.3935694380513 11.607913035165467 -2.535673548413061 -2.602835499049398
1.536327441880902 12.248771590159837 11.667483612653966 -2.565042402355119 -2.6158472466060623
1.5560239475460418 12.10694260586525 11.73221119869293 -2.5951885904688456 -2.628669038651537
1.5757204532111815 11.968831968572056 11.801998797821128 -2.6261271298038444 -2.6413637851992755
1.5954169588763214 11.835214222894333 11.876696012310678 -2.657865683422932 -2.653992923375778
1.615113464541461 11.70688330814274 11.956094837539185 -2.690402907230573 -2.666615689480672
1.6348099702066008 11.584643858721323 12.039925738389234 -2.7237266955357025 -2.679288505507802
1.6545064758717407 11.469299370594571 12.12785379022678 -2.7578123639524064 -2.692064483301909
1.6742029815368804 11.361637131285464 12.219474601318183 -2.792620817222256 -2.7049930485418194
1.69389948720202 11.26240981624088 12.314309667335943 -2.828096757050317 -2.7181196858165646
1.71359599286716 11.172313669711933 12.411800743582914 -2.864166989453973 -2.731485805304902
1.7332924985322997 11.091963216175044 12.511302760926085 -2.9007388908893326 -2.745128731133698
1.7529890041974394 11.02186249451769 12.612074768978195 -2.9376990867072 -2.7590818114869604
1.7726855098625793 10.962372886871737 12.713268390645085 -2.974912385213252 -2.7733746509806996
1.792382015527719 10.913677763279921 12.813913367135259 -3.0122209999558205 -2.7880334665041255
1.8120785211928587 10.875744458389953 12.91290005648343 -3.0494440913985787 -2.8030815680477836
1.8317750268579986 10.848284679763273 13.008959383632027 -3.0863776842453596 -2.818539964686432
1.8514715325231383 10.83071555686897 13.10064197923494 -3.1227950955140704 -2.834428090433767
1.871168038188278 10.822125512842677 13.186300427071647 -3.1584481764265995 -2.850764631181035
1.890864543853418 10.821252327654657 13.26408198776365 -3.19306996019415 -2.8675684069696232
1.9105610495185577 10.826485209213073 13.331943840299896 -3.2263797112816217 -2.8848592184152237
1.9302575551836973 10.835907430531867 13.387707639973025 -3.258091772769656 -2.9026585033004983
1.949954060848837 10.84739808159277 13.429171731881691 -3.287929683057982 -2.920989587494812
1.969650566513977 10.858805108658883 13.454291871920017 -3.315646230676061 -2.9398773004834298
1.9893470721791167 10.868181299901948 13.461419232543308 -3.34104794550145 -2.959346827902876
2.0090435778442566 10.874041614021339 13.449550199334817 -3.364019298725516 -2.9794219258065455
2.0287400835093963 10.875570645775891 13.418513932356127 -3.3845393950301412 -3.0001229373582774
2.048436589174536 10.872709309587217 13.369027732658687 -3.40268472224054 -3.021465214587074
2.0681330948396757 10.86609151611636 13.302596644486034 -3.4186163118974853 -3.043458379568482
2.0878296005048154 10.856861875850921 13.22129627623365 -3.4325557373307034 -3.066106442191813
2.1075261061699555 10.846444123810226 13.127514681058093 -3.4447576962208197 -3.0894084227475083
2.127222611835095 10.836327777138962 13.023722663050505 -3.45548598033275 -3.113359027251998
2.146919117500235 10.827911352733839 12.912308880606723 -3.4649962355135413 -3.137949062059539
2.1666156231653746 10.82240945266467 12.795483427692009 -3.473525697454077 -3.1631654824260815
2.1863121288305143 10.820812484800278 12.675235254625278 -3.4812883579035487 -3.188991119835494
2.206008634495654 10.823882205394808 12.553324305732236 -3.4884736472362934 -3.2154041960644224
2.225705140160794 10.832168153829262 12.431292284453635 -3.495247063176353 -3.2423777358915435
2.245401645825934 10.846034353833302 12.310481115624585 -3.501751700643161 -3.2698789695358066
2.2650981514910735 10.865689698494087 12.192052742506938 -3.5081100859830814 -3.2978687915917444
2.284794657156213 10.891218362252152 12.077007101351708 -3.51442602329634 -3.3263013236379173
2.304491162821353 10.922608418552207 11.9661970802236 -3.5207863391462695 -3.3551236138411396
2.3241876684864926 10.959777881180822 11.860340354900918 -3.5272625039246366 -3.384275497145272
2.3438841741516327 11.002597922362716 11.76002853631781 -3.533912148261705 -3.4136896320776087
2.3635806798167724 11.050913263782189 11.665734295949727 -3.5407805051741827 -3.4432917234023774
2.383277185481912 11.104559821801104 11.57781720254959 -3.547901807788188 -3.4730009330497147
2.402973691147052 11.163379692431068 11.496528987541028 -3.5553006665392513 -3.5027304747963077
2.4226701968121915 11.22723352651549 11.422018900072905 -3.562993442720006 -3.532388381374685
2.4423667024773312 11.296010291959108 11.354339736882347 -3.5709896287222698 -3.5618784266598764
2.4620632081424714 11.369634357848605 11.293455045425992 -3.5792932395878636 -3.591101181098474
2.481759713807611 11.448069770081764 11.239247903615384 -3.5879042151848406 -3.6199551764085087
2.5014562194727508 11.531321523608904 11.191531575255096 -3.596819826795787 -3.648338156433061
2.5211527251378905 11.619433577287172 11.150062224234153 -3.6060360754576264 -3.6761483952519862
2.54084923080303 11.712483310890432 11.114553738739485 -3.615549061444163 -3.703286071178705
2.56054573646817 11.810572100731287 11.08469456419432 -3.625356294530069 -3.72965469548834
2.5802422421333095 11.91381170572006 11.06016626471135 -3.6354579032249523 -3.7551626063808925
2.5999387477984497 12.022306229088635 11.040663322657347 -3.645857688702566 -3.7797245497958896
2.6196352534635894 12.136129575630797 11.025913442377298 -3.65656395708948 -3.8032633765312065
2.639331759128729 12.255298584393621 11.01569735157189 -3.6675900543745117 -3.8257118862593087
2.659028264793869 12.379742402558229 11.009866807862675 -3.678954524538786 -3.8470148396146757
2.6787247704590085 12.50926918607807 11.008359251056756 -3.6906808172713963 -3.867131135771387
2.698421276124148 12.643531851987687 11.011207347154185 -3.7027964905649986 -3.886036112118289
2.7181177817892883 12.781995316528658 11.018541623865442 -3.715331888434666 -3.9037238645664702
2.737814287454428 12.923908337273899 11.030584589979002 -3.728318325661022 -3.9202094158465273
2.7575107931195677 13.068283592985324 11.047635249282813 -3.7417858769318677 -3.935530485137966
2.7772072987847074 13.21388980249194 11.070043814994776 -3.7557609394762714 -3.9497485526314184
2.796903804449847 13.359259320437943 11.098177676788925 -3.770263803871562 -3.9629488895568534
2.816600310114987 13.502713621002002 11.132381129128424 -3.785306511445767 -3.975239260602341
2.836296815780127 13.642407374944296 11.17293277034744 -3.800891282947518 -3.9867471164303874
2.8559933214452666 13.776389597134804 11.220005470996568 -3.817009761201517 -3.9976152767897015
2.8756898271104063 13.902677934696674 11.273634036067273 -3.8336432194886974 -4.007996333414492
2.895386332775546 14.019340059692345 11.333694933135423 -3.8507637593736757 -4.0180462282489255
2.9150828384406857 14.124574820879278 11.399900763779634 -3.8683363803806596 -4.027917628198585
2.9347793441058254 14.216785652985635 11.471809845850993 -3.886321679105825 -4.03775377391706
2.9544758497709656 14.294639824901331 11.548848888048699 -3.9046788541891098 -4.047683407246613
2.9741723554361053 14.357109199683874 11.63034485008372 -3.9233686719975087 -4.057817197814097
2.993868861101245 14.403490800717854 11.7155611035168 -3.9423560859570808 -4.0682458433253235
3.0135653667663846 14.433408058046954 11.80373306193344 -3.961612285465415 -4.079039772385906
3.0332618724315243 14.446795657166598 11.894099360988706 -3.9811160547212863 -4.090250186264181
3.052958378096664 14.443872145854415 11.98592607488785 -4.000854423451072 -4.101911066066744
3.072654883761804 14.425104830319661 12.078522952104839 -4.020822672248874 -4.114041746367652
3.092351389426944 14.391171158760573 12.171251921604876 -4.041023806211485 -4.126649697166025
3.1120478950920836 14.342920002922437 12.26352899196062 -4.061467631625668 -4.139733235702009
3.1317444007572233 14.281335261771684 12.354821110603535 -4.0821695676964875 -4.1532839819034475
3.151440906422363 14.207503242260822 12.444639640982455 -4.103149307129635 -4.167288956630708
3.1711374120875027 14.122584446190949 12.532531964232737 -4.124429414208521 -4.181732289940581
3.190833917752643 14.027789770951557 12.61807243426726 -4.146033923285883 -4.19659655400838
3.2105304234177825 13.92436071790151 12.700853601206555 -4.167986978521596 -4.211863763765442
3.230226929082922 13.813552967713912 12.780478326796688 -4.1903115392992 -4.227516101689596
3.249923434748062 13.696622586559267 12.856553177300597 -4.213028165552998 -4.24353642603783
3.2696199404132016 13.574814130036632 12.928683303651658 -4.2361538927759534 -4.259908618139217
3.2893164460783413 13.449349979447023 12.996468901754707 -4.2597012067834275 -4.276617817245611
3.3090129517434814 13.321420352346713 13.059503277408227 -4.283677132178697 -4.293650582966524
3.328709457408621 13.192173559623354 13.117372507729321 -4.308082454611559 -4.310995016765277
3.348405963073761 13.062706224298122 13.169656681508608 -4.3329111039927835 -4.328640866022071
3.3681024687389005 12.934053326613217 13.215932702955188 -4.35814973240652 -4.34657962701844
3.38779897440404 12.807178091198647 13.255778646467348 -4.383777525052026 -4.364804656860352
3.40749548006918 12.682961880481523 13.288779645340243 -4.409766283602428 -4.383311298705927
3.42719198573432 12.562194397553581 13.31453527703195 -4.436080817417722 -4.402097019540417
3.4468884913994597 12.445564622477093 13.332668365847951 -4.462679667895124 -4.421161555025364
3.4665849970645994 12.33365299702128 13.34283505731961 -4.489516174258849 -4.44050705160632
3.486281502729739 12.22692542116201 13.3447359274929 -4.516539865573622 -4.460138192175781
3.505978008394879 12.125729618054681 13.338127780123953 -4.543698135216628 -4.480062288359884
3.5256745140600185 12.030294354107088 13.322835665870526 -4.570938123306457 -4.500289320258956
3.5453710197251587 11.940731864666603 13.298764549044716 -4.598208703792387 -4.520831903500287
3.5650675253902984 11.857043643662653 13.26590996281305 -4.625462450643435 -4.541705164325029
3.584764031055438 11.779129521955156 13.224366965491734 -4.652657446696669 -4.5629265059115705
3.6044605367205778 11.706799716209266 13.17433673992184 -4.679758802164171 -4.584515253716117
3.6241570423857175 11.639789306195276 13.116130283174128 -4.7067397688675525 -4.606492173568089
3.643853548050857 11.577774426128633 13.050168801085507 -4.73358236899461 -4.628878863292442
3.6635500537159973 11.520389356131167 12.976980634023915 -4.760277499144024 -4.651697025960523
3.683246559381137 11.467243681819776 12.897194766903617 -4.786824515388146 -4.67496763983194
3.7029430650462767 11.41793874712836 12.81153118598884 -4.8132303464590365 -4.698710046119059
3.7226395707114164 11.372082739302444 12.720788510607552 -4.839508214514954 -4.722940980627975
3.742336076376556 11.32930389060626 12.625829433826006 -4.8656760630886895 -4.747673579125574
3.7620325820416958 11.28926143381719 12.527564550319827 -4.891754799220639 -4.7729163891612325
3.781729087706836 11.25165408892844 12.42693514223232 -4.9177664532239795 -4.798672423282784
3.8014255933719756 11.216225976267367 12.324895452613363 -4.943732348280268 -4.824938290257679
3.8211220990371153 11.182769945032074 12.222394921049649 -4.969671356841792 -4.851703441931571
3.840818604702255 11.15112838147618 12.120360804265589 -4.995598304915659 -4.8789495733416715
3.8605151103673947 11.121191626628267 12.019681566320784 -5.021522571026334 -4.906650212042459
3.8802116160325344 11.09289419867567 11.921191401447249 -5.047446915111795 -4.934770528599394
3.899908121697674 11.066209086500937 11.825656243501978 -5.07336656383425 -4.963267393264562
3.9196046273628142 11.041140460463179 11.733761610491692 -5.099268572024553 -4.992089693670556
3.939301133027954 11.017715231438451 11.646102619509637 -5.125131474072975 -5.021178915144522
3.9589976386930936 10.995973971775818 11.563176476228447 -5.150925232848189 -5.050469969707239
3.9786941443582333 10.975961781178631 11.485377686489885 -5.176611486288887 -5.079892243301666
3.998390650023373 10.957719724075792 11.41299615310119 -5.202144082805297 -5.109370815041846
4.018087155688513 10.94127747106574 11.346218211938446 -5.227469886306113 -5.138827789215811
4.037783661353653 10.926647736792876 11.285130536439656 -5.252529820871251 -5.168183672202311
4.0574801670187925 10.91382301634541 11.229726711031068 -5.277260115091167 -5.197358723685994
4.077176672683932 10.902774984123187 11.179916156186396 -5.301593698327757 -5.2262742151660495
4.096873178349072 10.893456741341923 11.135534994077801 -5.3254616969222655 -5.254853538484912
4.116569684014212 10.885807894192393 11.096358384366802 -5.34879497855182 -5.2830231218840815
4.136266189679351 10.879762230606419 11.062113839916833 -5.37152569773726 -5.310713129239098
4.155962695344491 10.875257556856246 11.032495051702442 -5.393588804401457 -5.337857937638774
4.175659201009631 10.872247071580038 11.007175805106678 -5.414923489134936 -5.364396407374645
4.19535570667477 10.870711506715145 10.985823645966999 -5.435474551672417 -5.390271975016501
4.215052212339911 10.870671160372694 10.968113041338485 -5.455193690981746 -5.415432613376748
4.234748718005051 10.87219688997873 10.953737863391678 -5.474040724202131 -5.4398307111752136
4.25444522367019 10.875419125420219 10.942423092575813 -5.491984745850459 -5.463422929958392
4.27414172933533 10.880534000996878 10.933935677849599 -5.509005236676141 -5.486170096549124
4.29383823500047 10.887805789968805 10.928094500582146 -5.525093123104165 -5.508037186394728
4.3135347406656095 10.897564957308898 10.924779361661756 -5.540251773312162 -5.528993447066464
4.333231246330749 10.910201326811949 10.923938849689993 -5.554497896088847 -5.549012702138094
4.352927751995889 10.926152092061725 10.925596857956595 -5.567862285799499 -5.568073863697345
4.372624257661029 10.945884690011136 10.929857409398057 -5.580390334443267 -5.586161666771355
4.392320763326168 10.969874901223271 10.936907337568238 -5.592142213914008 -5.603267620570686
4.412017268991308 10.99858093418912 10.947016277577061 -5.603192622906288 -5.619391149522477
4.431713774656448 11.032414673165123 10.960533367341917 -5.613629997883893 -5.634540871885898
4.451410280321588 11.071711685420347 10.977880072057895 -5.623555109578871 -5.648735936201292
4.471106785986728 11.116701945570991 10.999538646888075 -5.633079006842174 -5.662007308210668
4.490803291651868 11.167483481843409 11.026035961781878 -5.642320326354521 -5.67439887662353
4.510499797317007 11.224001219617016 11.05792273225706 -5.651402054015032 -5.6859682299373855
4.530196302982147 11.286033140328039 11.095748616253506 -5.66044789257719 -5.696786953826905
4.549892808647287 11.353185463219402 11.140034111920157 -5.669578448972597 -5.706940314332301
4.569589314312426 11.424897906036867 11.19124066358425 -5.678907492520554 -5.71652622921769
4.589285819977566 11.50045924514676 11.249740775934637 -5.688538543382398 -5.725653487955397
4.608982325642706 11.579032472267714 11.315790169480888 -5.6985620257577345 -5.734439254774895
4.6286788313078455 11.659687956028954 11.389504018959135 -5.7090531652469885 -5.743005969466053
4.648375336972985 11.741442286504794 11.470839070003048 -5.7200707331623795 -5.751477834346167
4.668071842638125 11.8233000117556 11.55958294442647 -5.731656654891352 -5.759977129733796
4.6877683483032655 11.904295325703742 11.655351285588875 -5.743836418251147 -5.768620624029216
4.707464853968405 11.9835309404107 11.75759266378608 -5.756620152737636 -5.777516333401781
4.727161359633545 12.060211824443769 11.865600472717725 -5.770004209171439 -5.7867608425031705
4.746857865298685 12.133672124920807 11.978530504769301 -5.783973053948017 -5.796437330314095
4.766554370963824 12.203394308053724 12.095422563618216 -5.798501300705816 -5.806614366881659
4.786250876628964 12.269020249219668 12.215224380175975 -5.813555729182143 -5.8173454706390935
4.805947382294104 12.330354597662994 12.336816220246442 -5.829097179140815 -5.82866935313012
4.825643887959243 12.387361183035877 12.459034854897249 -5.845082249320421 -5.84061073486715
4.845340393624383 12.440153504287728 12.580695936983387 -5.8614647713047505 -5.853181594526774
4.865036899289523 12.488980457114263 12.700614219771428 -5.878197061733664 -5.866382711509923
4.8847334049546625 12.534208444681495 12.817621409101456 -5.895230980850408 -5.880205374321038
4.904429910619802 12.576300917483666 12.930581720561493 -5.912518840082024 -5.894633148565728
4.924126416284943 12.615796242725592 13.038405398604484 -5.930014206401216 -5.909643623288158
4.943822921950082 12.653284647074372 13.140060542747046 -5.947672647636184 -5.925210078654393
4.963519427615222 12.689384835781633 13.23458358653619 -5.965452452216727 -5.94130303885571
4.983215933280362 12.724720782672769 13.321088705622866 -5.9833153409997335 -5.957891690160862
5.0029124389455015 12.759899115965908 13.398776314812604 -6.001227170090048 -5.974945155031267
5.022608944610641 12.795487492009654 13.466940675816007 -6.01915860457828 -5.992433619689411
5.042305450275781 12.831994343708555 13.524976503596372 -6.037085726666333 -6.0103293155643716
5.062001955940921 12.869850396877279 13.572384354495332 -6.054990530586475 -6.028607355900524
5.08169846160606 12.90939235322848 13.608774522813746 -6.072861253147264 -6.047246428791894
5.1013949672712 12.950849121961026 13.633869177911407 -6.090692494233367 -6.066229347987142
5.12109147293634 12.994330938314267 13.647502541762071 -6.108485095678484 -6.085543463709337
5.140787978601479 13.039821628203956 13.649619028984395 -6.1262457680833124 -6.1051809376327615
5.160484484266619 13.087174169308666 13.64026942787036 -6.143986480088786 -6.125138888847328
5.18018098993176 13.136109571667097 13.619605366411767 -6.161723649410433 -6.1454194205499935
5.199877495596899 13.186218971967246 13.58787245537601 -6.179477195685303 -6.166029539587354
5.219574001262039 13.236968723788335 13.545402609318904 -6.197269528880017 -6.1869809820958155
5.239270506927179 13.287708187260357 13.492606102457016 -6.215124552142831 -6.208289957779094
5.2589670125923185 13.337679887835172 13.429963916749232 -6.233066754629966 -6.229976822490149
5.278663518257458 13.386031728441571 13.358020887460583 -6.251120459490387 -6.252065683761289
5.298360023922598 13.431831000716627 13.277380058492952 -6.269309277053985 -6.274583936918287
5.318056529587738 13.474080036024365 13.188698534692893 -6.287655795873683 -6.297561720908425
5.337753035252877 13.511733462811584 13.092684974027774 -6.306181526252456 -6.321031273421948
5.357449540918017 13.543717159203752 12.990098697549152 -6.324907094082992 -6.345026155281465
5.377146046583157 13.568949106173909 12.881750217348843 -6.343852667079808 -6.369580305225804
5.396842552248296 13.586362423735105 12.768502785896974 -6.363038580883509 -6.3947268797270755
5.416539057913437 13.594930890538626 12.651274355561812 -6.38248611815477 -6.4204968302688386
5.436235563578577 13.593697178440953 12.531039108620394 -6.402218378845596 -6.446917175206413
5.455932069243716 13.581803851918636 12.408827490551271 -6.4222611638096865 -6.474008938076224
5.475628574908856 13.55852686469509 12.28572348302998 -6.442643777075517 -6.501784752331881
5.495325080573996 13.523310824606536 12.162857737135372 -6.463399635847564 -6.530246176569474
5.515021586239135 13.475804700418015 12.041395217968573 -6.484566564714663 -6.559380824973701
5.534718091904275 13.415895961945909 11.92251626528984 -6.506186646019129 -6.589159491691989
5.554414597569415 13.34374046305203 11.807390515862462 -6.52830550766207 -6.619533526315163
5.5741111032345545 13.259784832982433 11.697143988762097 -6.550970958459422 -6.650432785252454
5.593807608899694 13.164777900880093 11.592820759160078 -6.574230933600532 -6.681764519798477
5.613504114564834 13.059767907565496 11.495341895928703 -6.598130788967233 -6.713413544050747
5.633200620229974 12.94608307461755 11.405465473359278 -6.622710077317415 -6.745243938320949
5.652897125895114 12.825294516199113 11.323752189351236 -6.647999039053954 -6.777102384349335
5.672593631560254 12.699162363116216 11.250541156922598 -6.674015127146865 -6.808823016114242
5.692290137225394 12.56956804415304 11.185939632204303 -6.700759939132367 -6.840233443545072
5.711986642890533 12.438437560703305 11.129828854264034 -6.728216931456746 -6.871161417172139
5.731683148555673 12.30766191286638 11.08188607647652 -6.756350234067057 -6.9014414972450115
5.751379654220813 12.179021302698144 11.041620698842761 -6.78510477014167 -6.930921098501152
5.771076159885952 12.05411924957942 11.008420626044026 -6.814407734436262 -6.95946539871154
5.790772665551092 11.934331411095604 10.98160392341533 -6.84417132061771 -6.98696079359574
5.810469171216232 11.82077199289435 10.960470660149106 -6.874296442682809 -7.013316803916457
5.830165676881371 11.714278525914942 10.944350430962935 -6.904677092937006 -7.0384665434380596
5.849862182546511 11.615413853311823 10.932642187126069 -6.935204933405432 -7.062366003631243
5.869558688211651 11.524482676003421 10.924844374629846 -6.96577373048208 -7.084992487589595
5.889255193876791 11.441559096104037 10.920574690767177 -6.996283304097453 -7.106342535671964
5.908951699541931 11.366521280059166 10.919579838170856 -7.026642755279633 -7.126429645412627
5.928648205207071 11.299089545414462 10.921736389747883 -7.056772840014135 -7.145282019312845
5.9483447108722105 11.238864708208054 10.927044279675345 -7.086607455397769 -7.162940495601793
5.96804121653735 11.18536425105747 10.93561456212238 -7.116094284066996 -7.179456743188714
5.98773772220249 11.138054643888696 10.947653012204261 -7.145194698747215 -7.194891741188924
6.00743422786763 11.096378865617492 10.963440963839622 -7.173883059974742 -7.2093145189601655
6.027130733532769 11.05977877268097 10.983314552722398 -7.202145549910539 -7.222801104451015
6.046827239197909 11.027712412115005 11.007643305319567 -7.229978679033631 -7.235433614834559
6.066523744863049 10.99966668291249 11.036808812899908 -7.257387586146653 -7.247299421090106
6.086220250528188 10.975165926750567 11.071184063643372 -7.2843842306767534 -7.258490324523282
6.105916756193328 10.953777103331005 11.11111387562232 -7.310985553655789 -7.269101695529238
6.125613261858469 10.935112204148306 11.156896772442385 -7.337211662651396 -7.2792315408679
6.145309767523608 10.918828507290897 11.208768562733061 -7.363084077780453 -7.288979483287392
6.165006273188748 10.904627196919959 11.266887816020821 -7.388624061386062 -7.29844565470437
6.184702778853888 10.892250781998285 11.33132336456542 -7.413851043059413 -7.30772951977151
6.2043992845190274 10.881479663141967 11.402043900517896 -7.438781144218995 -7.31692865925545
6.224095790184167 10.872128124106741 11.478909680913269 -7.463425802136623 -7.326137551285531
6.243792295849307 10.864039972619432 11.561666303648227 -7.4877904919247005 -7.3354463927119475
6.2634888015144465 10.85708402920165 11.649940482732903 -7.511873546557296 -7.344940002500032
6.283185307179586 10.85114966593453 11.743237739851937 -7.535665079706924 -7.3546968447233585
$EndRotorRadiiValues
