$SimulationHeader
$EndSimulationHeader
$Dimensions
5.8
16.6
24.3
-4.5
16.0
$EndDimensions
$ParametricEquations
7.5*sin(4*t) + 21.0, 7.5*cos(3*t) + 19.5, 0.0, 6.283185307179586
$EndParametricEquations
$DataCount
320
$EndDataCount
$XYCoordinates
21.0 27.0
21.590284055221954 26.98691041794512
22.176905972100947 26.947687361689372
22.756226332299967 26.882467741476308
23.32465101653835 26.79147920999136
23.878653502605616 26.67503936772757
24.414796744001226 26.533554654383547
24.929754493464625 26.367518930163243
25.420331939103757 26.177511751929654
25.883485525094997 25.964196350229578
26.316341833986296 25.728317314250784
26.716215413457274 25.470697992792328
27.08062543693848 25.19223762032012
27.40731109472695 24.893908178139363
27.69424562011114 24.576751001640133
27.93964886348675 24.241873145458726
28.141998336453312 23.890443519242304
28.300038657373683 23.523688807505227
28.412789339795864 23.14288918781904
28.479550875417633 22.749373862281978
28.49990907385511 22.344516417865623
28.473737632291144 21.929730031833778
28.401198919061446 21.506462538969156
28.282742966317006 21.076191377826166
28.119104678012384 20.64041843365004
27.911299270541576 20.200664795963476
27.660615974307888 19.758465449119647
27.36861003530339 19.31536391435459
27.037093066320516 18.872906862041095
26.668121807656938 18.43263871295036
26.26398536704282 17.99609624736604
25.827191017954163 17.564803240867786
25.3604486444199 17.14026514550846
24.866653928827663 16.72396383495064
24.34887038703143 16.317352431904755
23.81031036221578 15.921850235924023
23.254315095431394 15.53883776926103
22.684333996444604 15.169651958078564
22.103903243505343 14.81558146583501
21.516623844801057 14.477862195133419
20.9261392977039 14.157672973735222
20.33611298441388 13.85613143979684
19.750205444235995 13.574290140691991
19.172051663494766 13.313132859036966
18.60523852398015 13.07357117874308
18.05328254983531 12.856441303082718
17.519608090945113 12.662501135875614
17.007526078176266 12.492427635983741
16.520213482272112 12.346814454349017
16.060693603839674 12.22616986182192
15.631817316710404 12.130914975014012
15.236245381041364 12.061382286367156
14.876431935886792 12.0178145035703
14.554609273652613 12.000363702374873
14.272773990893608 12.009090795765989
14.032674601374065 12.043965321342302
13.835800688240774 12.104865547646707
13.683373662608663 12.1915788990767
13.576339185893005 12.30380269789127
13.515361302900242 12.441145220724259
13.500818322075954 12.603127065916402
13.532800468468954 12.789182826893285
13.611109323972642 12.998663065748222
13.735259058316323 13.230836580141112
13.904479443169443 13.484892955600586
14.117720630659097 13.759945394320479
14.373659666654829 14.05503381057652
14.670708698412026 14.369128181958562
15.007024825653591 14.70113214472069
15.380521533973404 15.049886820699417
15.788881639628464 15.414174862441861
16.22957166540992 15.792724702424298
16.699857558404624 16.18421499152878
17.196821652133757 16.587279211285185
17.71738076783514 17.000510443779415
18.25830534258815 17.422466282578043
18.81623946560994 17.851673867527595
19.387721698417316 18.286635025854263
19.969206549685275 18.7258315016187
20.557086471571644 19.167730255272165
21.147714241042106 19.61078881481575
21.737425587341164 20.05346065988406
22.322561925227586 20.494200619959912
22.899493052936865 20.931470267877373
23.46463967405173 21.363743289786704
24.014495603554515 21.789510812837126
24.545649520294468 22.20728667198083
25.054806130916983 22.61561259751415
25.538806613953238 23.013063305248426
25.994648217234587 23.398251471543226
26.419502887048722 23.76983257583607
26.810734813461835 24.12650959376571
27.16591678295524 24.467037524507273
27.482845236924053 24.790227736516382
27.759553942614758 25.09495211651318
27.994326191686724 25.38014700722405
28.185705450717478 25.644816920136037
28.332504397575665 25.888038010304463
28.433812287599903 26.108961301084733
28.48900060388343 26.306815647532176
28.497726956610087 26.480910428126073
28.459937207250075 26.630637955422166
28.375865804436856 26.755475597219288
28.24603432944146 26.854987600835877
28.07124826026807 26.928826614128795
27.852591974446582 26.97673489794514
27.591422021524874 26.99854522577502
27.289358706998513 26.994181467464895
26.948276039891372 26.963658854954087
26.57029010635262 26.90708392910686
26.157745941400677 26.82465416782565
25.71320298026214 26.716657296743538
25.239419179565985 26.58347028490204
24.739333906905568 26.425558028919866
24.216049704922135 26.243471730245588
23.672813043045764 26.037846971158558
23.112994176310725 25.80940149623386
22.540066236201497 25.55893270701526
21.957583683250547 25.287314878641062
21.369160255068408 24.995496108138482
20.778446546617282 24.684495005038638
20.189107361820437 24.355397135863708
19.604798977018998 24.00935123489706
19.029146457334015 23.64756519446283
18.465721166663776 23.27130184871102
17.918018610845007 22.881874565625218
17.389436751439543 22.480642662639145
16.883254924688295 22.069006661864034
16.402613496419967 21.648403401488917
15.95049437913602 21.220301020417597
15.529702532144334 20.786193833648714
15.142848559515345 20.347597116286757
14.792332513823318 19.90604181439063
14.48032900615491 19.463069201121925
14.208773714762746 19.02022549684583
13.979351376064898 18.579056471963565
13.793485332494294 18.141102051315478
13.65232870204352 17.707890938988314
13.556757224289417 17.280935282289267
13.507363827280916 16.86172539351224
13.50445494899728 16.451724547920527
13.548048636198544 16.05236387610372
13.637874432462926 15.665037368537337
13.773375056105825 15.291097009782138
13.953709857570567 14.93184805930733
14.177760034841112 14.58854449541036
14.444135574520235 14.262384638136385
14.751183875510453 13.954506966476018
15.097000001796218 13.66598614444154
15.479438500718794 13.397829269892835
15.896126713422957 13.15097235920669
16.34447949489705 12.92627708005999
16.821715252283074 12.724527743731052
17.324873201954397 12.546428567417847
17.850831738298012 12.39260121612898
18.39632780024067 12.263582632727648
18.957977115368625 12.15982316370292
19.532295196045713 12.08168498721048
20.115718957269575 12.029440848869733
20.704628822147917 12.003273109730207
21.295371177852076 12.003273109730207
21.884281042730418 12.029440848869733
22.467704803954295 12.08168498721048
23.042022884631383 12.159823163702923
23.603672199759323 12.263582632727648
24.14916826170198 12.39260121612898
24.675126798045596 12.546428567417845
25.178284747716923 12.724527743731048
25.655520505102952 12.926277080059993
26.10387328657705 13.150972359206694
26.5205614992812 13.397829269892831
26.90299999820378 13.665986144441536
27.248816124489544 13.954506966476014
27.55586442547976 14.262384638136382
27.82223996515889 14.588544495410368
28.046290142429434 14.931848059307336
28.226624943894173 15.291097009782135
28.36212556753707 15.665037368537332
28.451951363801456 16.052363876103712
28.495545051002722 16.451724547920524
28.492636172719084 16.861725393512234
28.443242775710583 17.280935282289274
28.34767129795648 17.707890938988307
28.206514667505708 18.141102051315475
28.020648623935102 18.579056471963554
27.791226285237258 19.02022549684583
27.519670993845086 19.46306920112193
27.20766748617668 19.90604181439063
26.85715144048466 20.34759711628675
26.47029746785567 20.786193833648706
26.049505620863986 21.22030102041759
25.59738650358004 21.648403401488913
25.1167450753117 22.06900666186404
24.61056324856045 22.480642662639152
24.08198138915499 22.881874565625225
23.53427883333623 23.271301848711015
22.970853542665992 23.64756519446282
22.39520102298101 24.009351234897057
21.81089263817957 24.355397135863704
21.22155345338271 24.68449500503864
20.630839744931585 24.995496108138486
20.042416316749463 25.28731487864106
19.45993376379851 25.558932707015256
18.887005823689282 25.809401496233857
18.32718695695423 26.03784697115856
17.783950295077858 26.243471730245588
17.26066609309443 26.42555802891987
16.760580820434022 26.583470284902038
16.286797019737868 26.716657296743538
15.84225405859933 26.82465416782565
15.429709893647384 26.90708392910686
15.051723960108632 26.963658854954083
14.710641293001492 26.994181467464895
14.408577978475137 26.998545225775022
14.147408025553418 26.97673489794514
13.928751739731926 26.92882661412879
13.753965670558538 26.854987600835877
13.62413419556314 26.755475597219288
13.540062792749925 26.630637955422166
13.502273043389915 26.480910428126073
13.51099939611657 26.30681564753218
13.566187712400094 26.108961301084733
13.667495602424335 25.888038010304466
13.814294549282522 25.64481692013604
14.005673808313269 25.38014700722406
14.240446057385237 25.094952116513188
14.517154763075952 24.79022773651638
14.834083217044764 24.467037524507266
15.189265186538169 24.126509593765714
15.580497112951285 23.769832575836062
16.00535178276541 23.39825147154323
16.46119338604676 23.01306330524842
16.945193869083017 22.615612597514158
17.454350479705525 22.20728667198083
17.985504396445478 21.789510812837136
18.535360325948265 21.363743289786704
19.10050694706312 20.931470267877394
19.6774380747724 20.49420061995992
20.262574412658847 20.053460659884053
20.852285758957898 19.61078881481574
21.442913528428363 19.167730255272154
22.03079345031473 18.725831501618693
22.612278301582684 18.286635025854263
23.18376053439006 17.851673867527595
23.74169465741185 17.422466282578043
24.28261923216485 17.000510443779422
24.803178347866236 16.587279211285193
25.30014244159537 16.184214991528783
25.770428334590065 15.792724702424309
26.211118360371525 15.414174862441872
26.619478466026607 15.049886820699404
26.992975174346412 14.701132144720695
27.32929130158798 14.369128181958553
27.626340333345173 14.055033810576521
27.882279369340903 13.759945394320475
28.095520556830557 13.48489295560059
28.264740941683677 13.230836580141109
28.38889067602736 12.998663065748227
28.467199531531044 12.789182826893285
28.499181677924046 12.603127065916407
28.484638697099758 12.441145220724259
28.423660814107 12.303802697891275
28.31662633739134 12.1915788990767
28.164199311759226 12.104865547646705
27.96732539862593 12.043965321342302
27.72722600910639 12.009090795765989
27.445390726347387 12.000363702374873
27.123568064113208 12.0178145035703
26.763754618958636 12.061382286367156
26.3681826832896 12.13091497501401
25.939306396160333 12.22616986182192
25.479786517727895 12.346814454349015
24.992473921823745 12.492427635983733
24.4803919090549 12.662501135875608
23.946717450164705 12.856441303082718
23.39476147601984 13.073571178743087
22.827948336505226 13.313132859036962
22.249794555764 13.574290140691998
21.663887015586116 13.856131439796837
21.0738607022961 14.157672973735227
20.483376155198943 14.477862195133415
19.89609675649466 14.815581465835013
19.315666003555403 15.169651958078553
18.745684904568613 15.53883776926103
18.189689637784227 15.921850235924008
17.651129612968585 16.317352431904748
17.133346071172348 16.723963834950627
16.639551355580092 17.140265145508458
16.172808982045833 17.56480324086779
15.736014632957176 17.996096247366058
15.33187819234306 18.432638712950364
14.962906933679484 18.87290686204108
14.63138996469661 19.315363914354588
14.339384025692116 19.758465449119658
14.088700729458424 20.200664795963473
13.88089532198762 20.640418433650023
13.717257033682998 21.07619137782616
13.598801080938555 21.50646253896916
13.526262367708856 21.929730031833767
13.500090926144889 22.344516417865627
13.520449124582367 22.74937386228199
13.587210660204137 23.142889187819037
13.699961342626317 23.52368880750523
13.858001663546688 23.890443519242297
14.060351136513251 24.241873145458733
14.305754379888857 24.576751001640126
14.592688905273047 24.893908178139363
14.919374563061517 25.19223762032011
15.283784586542719 25.470697992792328
15.683658166013696 25.728317314250774
16.116514474904996 25.964196350229578
16.579668060896253 26.177511751929657
17.070245506535382 26.36751893016325
17.58520325599878 26.533554654383547
18.121346497394388 26.675039367727567
18.67534898346165 26.79147920999136
19.24377366770003 26.88246774147631
19.82309402789905 26.947687361689372
20.409715944778043 26.98691041794512
20.999999999999993 27.0
$EndXYCoordinates
$ThetaValues
-0.19478735653199164 0.0
-0.2205780312705078 0.0
-0.24630498560444913 0.0
-0.27180941711182743 0.0
-0.2969260523363792 0.0
-0.32148305009101 0.0
-0.34530241889297547 0.0
-0.3682011537612108 0.0
-0.38999330709811975 0.0
-0.410493179451676 0.0
-0.4295197283396796 0.0
-0.44690213339046286 0.0
-0.4624862279155809 0.0
-0.4761412473334229 0.0
-0.4877661229502008 0.0
-0.4972944543376906 0.0
-0.5046973939546961 0.0
-0.5099839817699393 0.0
-0.5131989026782439 0.0
-0.5144180758376742 0.0
-0.5137427942440296 0.0
-0.5112932438983477 0.0
-0.5072021534419122 0.0
-0.5016091229601584 0.0
-0.4946559391134981 0.0
-0.4864829689533035 0.0
-0.47722657065311025 0.0
-0.4670173715095311 0.0
-0.455979229888591 0.0
-0.44422870049923524 0.0
-0.43187484495142403 0.0
-0.41901925988432104 0.0
-0.40575622559391966 0.0
-0.3921729053158559 0.0
-0.3783495478492803 0.0
-0.36435966416184984 0.0
-0.350270162779461 0.0
-0.3361414401405228 0.0
-0.32202743166013825 0.0
-0.3079756378316164 0.0
-0.2940271479044914 0.0
-0.28021669187230014 0.0
-0.26657275971813343 0.0
-0.2531178347542542 0.0
-0.2398687946354257 0.0
-0.2268375378528498 0.0
-0.21403189326581867 0.0
-0.20145686302094615 0.0
-0.18911623230657973 0.0
-0.1770145503786009 0.0
-0.16515944448198425 0.0
-0.1535641744532798 0.0
-0.1422502707034273 0.0
-0.13125003901263785 0.0
-0.12060866486107936 0.0
-0.11038563143020585 0.0
-0.10065518699244334 0.0
-0.09150566869667523 0.0
-0.0830376063074709 0.0
-0.07536067549037512 0.0
-0.06858971953417925 0.0
-0.06284018121273863 0.0
-0.05822335759127357 0.0
-0.05484189697078128 0.0
-0.05278590153176359 0.0
-0.052129897424066464 0.0
-0.052930809945700937 0.0
-0.05522695929159884 0.0
-0.059037991154562625 0.0
-0.06436558660141536 0.0
-0.07119475959493846 0.0
-0.07949554383917867 0.0
-0.0892248858631155 0.0
-0.10032858975713237 0.0
-0.11274319314734733 0.0
-0.12639768803946894 0.0
-0.1412150303499516 0.0
-0.15711340632968845 0.0
-0.17400724208167676 0.0
-0.19180795425064495 0.0
-0.21042444644510658 0.0
-0.22976335791787963 0.0
-0.249729069314291 0.0
-0.2702234655878517 0.0
-0.29114544899342737 0.0
-0.31239018577882915 0.0
-0.3338480591273994 0.0
-0.3554032885785177 0.0
-0.3769321635837445 0.0
-0.39830082830185787 0.0
-0.41936255080789986 0.0
-0.4399544215691993 0.0
-0.4598934697622202 0.0
-0.47897228993030766 0.0
-0.49695447971560097 0.0
-0.5135705614354829 0.0
-0.5285156533624032 0.0
-0.5414509669277646 0.0
-0.5520120404805597 0.0
-0.5598269125445622 0.0
-0.5645461833915812 0.0
-0.5658831420895308 0.0
-0.5636562372587954 0.0
-0.5578212182160964 0.0
-0.5484809068938097 0.0
-0.5358684904271569 0.0
-0.520310972199802 0.0
-0.5021857734480512 0.0
-0.4818823792553913 0.0
-0.4597752537705831 0.0
-0.4362086286820564 0.0
-0.4114906219550998 0.0
-0.38589337832747306 0.0
-0.3596564494777113 0.0
-0.3329915206144793 0.0
-0.3060873737193035 0.0
-0.27911452383416185 0.0
-0.2522292955415405 0.0
-0.22557728558902204 0.0
-0.19929624257835682 0.0
-0.17351842673747678 0.0
-0.14837251740928023 0.0
-0.12398512749857767 0.0
-0.10048197044262565 0.0
-0.07798871016432722 0.0
-0.05663150973486918 0.0
-0.036537280864551075 0.0
-0.017833624236408094 0.0
-0.0006484403562568354 0.0
0.014890817556335638 0.0
0.028658282394654344 0.0
0.04053123884038089 0.0
0.05039214703069837 0.0
0.058131144171846054 0.0
0.06364902356652843 0.0
0.06686065867784546 0.0
0.06769879517480223 0.0
0.06611807632447643 0.0
0.06209909902685052 0.0
0.05565222528969792 0.0
0.046820807593393014 0.0
0.03568344150996536 0.0
0.022354853171782315 0.0
0.0069850800601456865 0.0
-0.010243277971527907 0.0
-0.029119776414760132 0.0
-0.04941262124058082 0.0
-0.0708765107837855 0.0
-0.0932611934807052 0.0
-0.11631999589437239 0.0
-0.1398175761941351 0.0
-0.16353627674501345 0.0
-0.18728065882926048 0.0
-0.21088005528346018 0.0
-0.2341892201718766 0.0
-0.2570873457492022 0.0
-0.2794758327920602 0.0
-0.3012752388982983 0.0
-0.3224218048955197 0.0
-0.34286389385449934 0.0
-0.3625585932919306 0.0
-0.381468646664899 0.0
-0.39955980697679677 0.0
-0.41679864864053884 0.0
-0.4331508345871425 0.0
-0.44857981205131 0.0
-0.463045899302914 0.0
-0.4765057233553073 0.0
-0.48891197221172206 0.0
-0.5002134318919688 0.0
-0.5103552862429129 0.0
-0.5192796647604826 0.0
-0.5269264290524533 0.0
-0.5332341911033706 0.0
-0.5381415553280856 0.0
-0.5415885709396313 0.0
-0.5435183712209533 0.0
-0.5438789622676916 0.0
-0.5426251068326946 0.0
-0.5397202310032588 0.0
-0.5351382659360278 0.0
-0.528865325832786 0.0
-0.520901122299957 0.0
-0.5112600237026196 0.0
-0.4999716889631761 0.0
-0.48708123543022736 0.0
-0.4726489365992758 0.0
-0.45674948219537626 0.0
-0.43947086489730147 0.0
-0.42091298030071717 0.0
-0.4011860371219077 0.0
-0.38040887307334204 0.0
-0.3587072603524332 0.0
-0.33621226668396315 0.0
-0.31305871717644546 0.0
-0.28938378233503403 0.0
-0.2653257009485352 0.0
-0.24102263466001328 0.0
-0.21661164422553147 0.0
-0.19222777533394078 0.0
-0.16800324343156672 0.0
-0.14406671101720564 0.0
-0.12054265602352891 0.0
-0.09755083494700345 0.0
-0.0752058482935888 0.0
-0.05361681790511108 0.0
-0.03288718536521499 0.0
-0.01311463782153739 0.0
0.00560883762136372 0.0
0.023196776840566057 0.0
0.039567953147462746 0.0
0.054646006162637165 0.0
0.06835901636993733 0.0
0.08063906379510674 0.0
0.09142181460010457 0.0
0.1006461823649278 0.0
0.1082541110646736 0.0
0.1141905240904987 0.0
0.1184034780308263 0.0
0.12084455142818247 0.0
0.12146948759162841 0.0
0.12023909687583136 0.0
0.11712040822808147 0.0
0.11208804249607926 0.0
0.10512576169150059 0.0
0.09622813017961672 0.0
0.08540220656796312 0.0
0.07266917073835351 0.0
0.05806578074711295 0.0
0.041645551278208584 0.0
0.023479550807711587 0.0
0.003656729896102489 0.0
-0.017716281689664284 0.0
-0.040515937170849774 0.0
-0.06460308213488554 0.0
-0.08982475671943087 0.0
-0.11601639708965503 0.0
-0.14300431181625292 0.0
-0.17060829039430145 0.0
-0.19864419779133238 0.0
-0.22692642081376244 0.0
-0.25527005718455964 0.0
-0.2834927726692584 0.0
-0.3114162905140579 0.0
-0.3388675159399271 0.0
-0.36567933226100124 0.0
-0.39169113136645384 0.0
-0.41674915817941993 0.0
-0.44070675584846164 0.0
-0.4634245962936539 0.0
-0.4847709703323731 0.0
-0.5046221942647383 0.0
-0.5228631670202596 0.0
-0.5393880855076175 0.0
-0.5541012977763936 0.0
-0.5669182465533891 0.0
-0.57776643261173 0.0
-0.5865863114509781 0.0
-0.593332030518635 0.0
-0.5979719197159659 0.0
-0.600488665111703 0.0
-0.6008791230884135 0.0
-0.599153765950932 0.0
-0.5953357856635492 0.0
-0.5894599149634844 0.0
-0.5815710505685138 0.0
-0.571722779049612 0.0
-0.5599759117545123 0.0
-0.5463971317543501 0.0
-0.5310578456774085 0.0
-0.51403331863684 0.0
-0.4954021542217791 0.0
-0.47524616392470387 0.0
-0.45365065315917713 0.0
-0.4307051326981478 0.0
-0.4065044439961241 0.0
-0.38115026263326435 0.0
-0.3547529144791647 0.0
-0.3274334033291668 0.0
-0.2993255075702367 0.0
-0.27057775988192295 0.0
-0.24135508411719944 0.0
-0.2118398359294633 0.0
-0.18223198898217266 0.0
-0.15274823686676176 0.0
-0.12361984890745661 0.0
-0.09508922568087752 0.0
-0.06740523772764083 0.0
-0.04081757938432876 0.0
-0.0155705031882776 0.0
0.00810360734660486 0.0
0.029990337181652872 0.0
0.04989855823211938 0.0
0.06766461010102713 0.0
0.08315512312652315 0.0
0.09626841483089112 0.0
0.10693453054900091 0.0
0.11511410823255848 0.0
0.12079631635722637 0.0
0.12399614187270726 0.0
0.12475129848433669 0.0
0.12311899418222313 0.0
0.11917275151345685 0.0
0.11299942394306284 0.0
0.1046965036770623 0.0
0.09436977482399003 0.0
0.08213133277486388 0.0
0.06809796652474696 0.0
0.05238988459962095 0.0
0.03512975597796329 0.0
0.016442033394199043 0.0
-0.0035474738012887855 0.0
-0.02471180780517126 0.0
-0.04692287856259144 0.0
-0.0700513110994733 0.0
-0.09396614361899194 0.0
-0.11853439374446348 0.0
-0.1436205099819282 0.0
-0.1690857278960944 0.0
-0.19478735653209703 0.0
$EndThetaValues
$RotorRadiiValues
0.0 11.148542505637227 11.743237739851546 -1.155304230854006 -1.071511537543812
0.01969650566513977 11.148542505637227 11.840941951749727 -1.1750007365191457 -1.0816028939682916
0.03939301133027954 11.148542505637227 11.94231675891358 -1.1946972421842856 -1.0920922065869376
0.05908951699541931 11.148542505637227 12.046508957813995 -1.2143937478494253 -1.1030346000723787
0.07878602266055908 11.148542505637227 12.152554168401243 -1.234090253514565 -1.1144765842865092
0.09848252832569884 11.148542505637227 12.259385282150564 -1.253786759179705 -1.1264559289312794
0.11817903399083862 11.148542505637227 12.36584442804947 -1.2734832648448446 -1.1390016971413859
0.13787553965597837 11.148542505637227 12.470699393649063 -1.2931797705099843 -1.1521344229725135
0.15757204532111815 11.148542505637227 12.572665523161065 -1.3128762761751243 -1.1658664195267583
0.17726855098625793 11.148542505637227 12.670433972478106 -1.332572781840264 -1.1802022093964075
0.19696505665139769 11.148542505637227 12.762706709636145 -1.3522692875054036 -1.195139075832497
0.21666156231653746 11.148542505637227 12.848237726372911 -1.3719657931705436 -1.210667739012199
0.23635806798167724 11.148542505637227 12.925878597268003 -1.3916622988356833 -1.2267731638204395
0.256054573646817 11.148542505637227 12.994625005146379 -1.411358804500823 -1.243435500112901
0.27575107931195675 11.148542505637227 13.053659559241353 -1.4310553101659629 -1.2606311419108533
0.29544758497709656 11.148542505637227 13.102385694820848 -1.4507518158311026 -1.2783338697709028
0.3151440906422363 11.148542505637227 13.14044807144661 -1.4704483214962423 -1.2965160163885314
0.33484059630737606 11.148542505637227 13.167736730210091 -1.490144827161382 -1.315149577725909
0.35453710197251587 11.148542505637227 13.184374895172844 -1.5098413328265219 -1.3342071883048046
0.3742336076376556 11.148542505637227 13.190692937759588 -1.5295378384916616 -1.3536628928567667
0.39393011330279537 11.148542505637227 13.187192896587739 -1.5492343441568015 -1.3734926739486406
0.4136266189679352 11.148542505637227 13.17450863153026 -1.5689308498219412 -1.3936747284411277
0.43332312463307493 11.148542505637227 13.153366236312017 -1.588627355487081 -1.4141895155935769
0.4530196302982147 11.148542505637227 13.124548129478436 -1.6083238611522206 -1.4350196201976109
0.4727161359633545 11.148542505637227 13.088862792580267 -1.6280203668173605 -1.456149483264796
0.49241264162849424 11.148542505637227 13.04712082493203 -1.6477168724825002 -1.4775650522082526
0.512109147293634 11.148542505637227 13.000117043512569 -1.6674133781476401 -1.4992533956376148
0.5318056529587738 11.148542505637227 12.948617811711822 -1.6871098838127798 -1.521202318302909
0.5515021586239135 11.148542505637227 12.893352562582535 -1.7068063894779195 -1.5434000020184382
0.5711986642890533 11.148542505637227 12.835008485868093 -1.7265028951430592 -1.5658346900388374
0.5908951699541931 11.148542505637227 12.774227474690212 -1.7461994008081991 -1.5884944258782072
0.6105916756193328 11.148542505637227 12.711604604182527 -1.7658959064733388 -1.6113668528912837
0.6302881812844726 11.148542505637227 12.647687594890446 -1.7855924121384787 -1.6344390777105082
0.6499846869496124 11.148542505637227 12.582976874772589 -1.8052889178036184 -1.6576975984046904
0.6696811926147521 11.148542505637227 12.517925986181018 -1.8249854234687581 -1.6811282965683263
0.6893776982798919 11.148542505637227 12.452942187772472 -1.8446819291338978 -1.7047164911101702
0.7090742039450317 11.148542505637227 12.388387179500302 -1.8643784347990378 -1.7284470500085671
0.7287707096101714 11.148542505637227 12.324577936657569 -1.8840749404641775 -1.7523045545329423
0.7484672152753112 11.148542505637227 12.261787681344234 -1.9037714461293174 -1.776273508248814
0.768163720940451 11.148542505637227 12.200247050930338 -1.923467951794457 -1.8003385804330594
0.7878602266055907 11.148542505637227 12.140145546248453 -1.9431644574595968 -1.8244848702856253
0.8075567322707305 11.148542505637227 12.081633359344393 -1.9628609631247365 -1.8486981745570015
0.8272532379358704 11.148542505637227 12.024823692308786 -1.9825574687898764 -1.8729652370304928
0.84694974360101 11.148542505637227 11.969795684223612 -2.002253974455016 -1.8972739539441548
0.8666462492661499 11.148542505637227 11.916598060229221 -2.021950480120156 -1.921613505324983
0.8863427549312897 11.148542505637227 11.865253601176926 -2.0416469857852957 -1.9459743789845168
0.9060392605964294 11.148542505637227 11.815764498930893 -2.0613434914504354 -1.9703482525154994
0.9257357662615692 11.148542505637227 11.768118605154363 -2.081039997115575 -1.9947277002492942
0.945432271926709 11.148542505637227 11.722296495321004 -2.100736502780715 -2.0191056982290227
0.9651287775918487 11.148542505637227 11.678279153273213 -2.120433008445855 -2.043474912299692
0.9848252832569885 11.148542505637227 11.636055938658046 -2.1401295141109946 -2.0678267737477127
1.0045217889221283 11.148542505637227 11.595632351766362 -2.1598260197761343 -2.092150373174701
1.024218294587268 11.148542505637227 11.557036968431865 -2.179522525441274 -2.1164312370929124
1.0439148002524077 11.148542505637227 11.520326850295328 -2.1992190311064137 -2.1406500864697318
1.0636113059175476 11.148542505637227 11.485590749727235 -2.2189155367715534 -2.1647817101914213
1.0833078115826873 11.148542505637227 11.452949589249602 -2.238612042436693 -2.188794107909626
1.103004317247827 11.148542505637227 11.422553992081612 -2.258308548101833 -2.2126480596163987
1.122700822912967 11.148542505637227 11.39457905107398 -2.278005053766973 -2.236297256011957
1.1423973285781066 11.148542505637227 11.369216970020885 -2.2977015594321126 -2.2596890727474563
1.1620938342432463 11.148542505637227 11.346668590043798 -2.3173980650972523 -2.282765997775633
1.1817903399083862 11.148542505637227 11.327135019206459 -2.3370945707623925 -2.305467636274511
1.201486845573526 11.148542505637227 11.310810548146572 -2.356791076427532 -2.3277331383733766
1.2211833512386656 11.148542505637227 11.29787775494964 -2.376487582092672 -2.349503837840525
1.2408798569038055 11.148542505637227 11.28850524552565 -2.3961840877578116 -2.3707258666649684
1.2605763625689452 11.148542505637227 11.28284795685237 -2.4158805934229513 -2.391352524241837
1.280272868234085 11.148542505637227 11.281049492835601 -2.435577099088091 -2.4113462250772506
1.2999693738992248 11.148542505637227 11.283245660514643 -2.4552736047532306 -2.430679913356438
1.3196658795643645 11.148542505637227 11.289568268571724 -2.4749701104183703 -2.449337901935729
1.3393623852295042 11.148542505637227 11.300148327038505 -2.49466661608351 -2.4673161546494025
1.3590588908946442 11.148542505637227 11.31511799376433 -2.51436312174865 -2.4846220762287707
1.3787553965597839 11.148542505637227 11.334610882659883 -2.53405962741379 -2.5012739006025475
1.3984519022249235 11.148542505637227 11.358760617938435 -2.5537561330789296 -2.517299777494898
1.4181484078900635 11.148542505637227 11.387697744043402 -2.5734526387440697 -2.532736653090031
1.4378449135552032 11.148542505637227 11.421545259846441 -2.5931491444092094 -2.547629028170986
1.4575414192203429 11.148542505637227 11.460413134180435 -2.612845650074349 -2.562027661154861
1.4772379248854828 11.148542505637227 11.504392186243665 -2.632542155739489 -2.5759882673116197
1.4969344305506225 11.148542505637227 11.553547693324779 -2.6522386614046285 -2.589570251310197
1.5166309362157622 11.148542505637227 11.607913035165467 -2.671935167069768 -2.602835499049398
1.536327441880902 11.148542505637227 11.667483612653966 -2.691631672734908 -2.6158472466060623
1.5560239475460418 11.148542505637227 11.73221119869293 -2.7113281784000476 -2.628669038651537
1.5757204532111815 11.148542505637227 11.801998797821128 -2.7310246840651873 -2.6413637851992755
1.5954169588763214 11.148542505637227 11.876696012310678 -2.7507211897303274 -2.653992923375778
1.615113464541461 11.148542505637227 11.956094837539185 -2.770417695395467 -2.666615689480672
1.6348099702066008 11.148542505637227 12.039925738389234 -2.790114201060607 -2.679288505507802
1.6545064758717407 11.148542505637227 12.12785379022678 -2.809810706725747 -2.692064483301909
1.6742029815368804 11.148542505637227 12.219474601318183 -2.8295072123908867 -2.7049930485418194
1.69389948720202 11.148542505637227 12.314309667335943 -2.8492037180560263 -2.7181196858165646
1.71359599286716 11.148542505637227 12.411800743582914 -2.868900223721166 -2.731485805304902
1.7332924985322997 11.148542505637227 12.511302760926085 -2.8885967293863057 -2.745128731133698
1.7529890041974394 11.148542505637227 12.612074768978195 -2.9082932350514454 -2.7590818114869604
1.7726855098625793 11.148542505637227 12.713268390645085 -2.927989740716585 -2.7733746509806996
1.792382015527719 11.148542505637227 12.813913367135259 -2.947686246381725 -2.7880334665041255
1.8120785211928587 11.148542505637227 12.91290005648343 -2.9673827520468645 -2.8030815680477836
1.8317750268579986 11.148542505637227 13.008959383632027 -2.9870792577120047 -2.818539964686432
1.8514715325231383 11.148542505637227 13.10064197923494 -3.0067757633771444 -2.834428090433767
1.871168038188278 11.148542505637227 13.186300427071647 -3.026472269042284 -2.850764631181035
1.890864543853418 11.148542505637227 13.26408198776365 -3.046168774707424 -2.8675684069696232
1.9105610495185577 11.148542505637227 13.331943840299896 -3.065865280372564 -2.8848592184152237
1.9302575551836973 11.148542505637227 13.387707639973025 -3.0855617860377036 -2.9026585033004983
1.949954060848837 11.148542505637227 13.429171731881691 -3.1052582917028433 -2.920989587494812
1.969650566513977 11.148542505637227 13.454291871920017 -3.124954797367983 -2.9398773004834298
1.9893470721791167 11.148542505637227 13.461419232543308 -3.1446513030331227 -2.959346827902876
2.0090435778442566 11.148542505637227 13.449550199334817 -3.1643478086982624 -2.9794219258065455
2.0287400835093963 11.148542505637227 13.418513932356127 -3.184044314363402 -3.0001229373582774
2.048436589174536 11.148542505637227 13.369027732658687 -3.2037408200285418 -3.021465214587074
2.0681330948396757 11.148542505637227 13.302596644486034 -3.2234373256936815 -3.043458379568482
2.0878296005048154 11.148542505637227 13.22129627623365 -3.243133831358821 -3.066106442191813
2.1075261061699555 11.148542505637227 13.127514681058093 -3.2628303370239617 -3.0894084227475083
2.127222611835095 11.148542505637227 13.023722663050505 -3.2825268426891014 -3.113359027251998
2.146919117500235 11.148542505637227 12.912308880606723 -3.302223348354241 -3.137949062059539
2.1666156231653746 11.148542505637227 12.795483427692009 -3.321919854019381 -3.1631654824260815
2.1863121288305143 11.148542505637227 12.675235254625278 -3.3416163596845205 -3.188991119835494
2.206008634495654 11.148542505637227 12.553324305732236 -3.3613128653496602 -3.2154041960644224
2.225705140160794 11.148542505637227 12.431292284453635 -3.3810093710148 -3.2423777358915435
2.245401645825934 11.148542505637227 12.310481115624585 -3.4007058766799396 -3.2698789695358066
2.2650981514910735 11.148542505637227 12.192052742506938 -3.4204023823450793 -3.2978687915917444
2.284794657156213 11.148542505637227 12.077007101351708 -3.440098888010219 -3.3263013236379173
2.304491162821353 11.148542505637227 11.9661970802236 -3.4597953936753587 -3.3551236138411396
2.3241876684864926 11.148542505637227 11.860340354900918 -3.4794918993404984 -3.384275497145272
2.3438841741516327 11.148542505637227 11.76002853631781 -3.499188405005639 -3.4136896320776087
2.3635806798167724 11.148542505637227 11.665734295949727 -3.5188849106707787 -3.4432917234023774
2.383277185481912 11.148542505637227 11.57781720254959 -3.5385814163359184 -3.4730009330497147
2.402973691147052 11.148542505637227 11.496528987541028 -3.558277922001058 -3.5027304747963077
2.4226701968121915 11.148542505637227 11.422018900072905 -3.5779744276661978 -3.532388381374685
2.4423667024773312 11.148542505637227 11.354339736882347 -3.5976709333313375 -3.5618784266598764
2.4620632081424714 11.148542505637227 11.293455045425992 -3.617367438996477 -3.591101181098474
2.481759713807611 11.148542505637227 11.239247903615384 -3.637063944661617 -3.6199551764085087
2.5014562194727508 11.148542505637227 11.191531575255096 -3.6567604503267566 -3.648338156433061
2.5211527251378905 11.148542505637227 11.150062224234153 -3.6764569559918963 -3.6761483952519862
2.54084923080303 11.148542505637227 11.114553738739485 -3.696153461657036 -3.703286071178705
2.56054573646817 11.148542505637227 11.08469456419432 -3.7158499673221757 -3.72965469548834
2.5802422421333095 11.148542505637227 11.06016626471135 -3.7355464729873153 -3.7551626063808925
2.5999387477984497 11.148542505637227 11.040663322657347 -3.755242978652456 -3.7797245497958896
2.6196352534635894 11.148542505637227 11.025913442377298 -3.7749394843175956 -3.8032633765312065
2.639331759128729 11.148542505637227 11.01569735157189 -3.7946359899827353 -3.8257118862593087
2.659028264793869 11.148542505637227 11.009866807862675 -3.814332495647875 -3.8470148396146757
2.6787247704590085 11.148542505637227 11.008359251056756 -3.8340290013130147 -3.867131135771387
2.698421276124148 11.148542505637227 11.011207347154185 -3.8537255069781544 -3.886036112118289
2.7181177817892883 11.148542505637227 11.018541623865442 -3.873422012643294 -3.9037238645664702
2.737814287454428 11.148542505637227 11.030584589979002 -3.893118518308434 -3.9202094158465273
2.7575107931195677 11.148542505637227 11.047635249282813 -3.9128150239735735 -3.935530485137966
2.7772072987847074 11.148542505637227 11.070043814994776 -3.932511529638713 -3.9497485526314184
2.796903804449847 11.148542505637227 11.098177676788925 -3.952208035303853 -3.9629488895568534
2.816600310114987 11.148542505637227 11.132381129128424 -3.9719045409689926 -3.975239260602341
2.836296815780127 11.148542505637227 11.17293277034744 -3.991601046634133 -3.9867471164303874
2.8559933214452666 11.148542505637227 11.220005470996568 -4.011297552299273 -3.9976152767897015
2.8756898271104063 11.148542505637227 11.273634036067273 -4.030994057964413 -4.007996333414492
2.895386332775546 11.148542505637227 11.333694933135423 -4.050690563629552 -4.0180462282489255
2.9150828384406857 11.148542505637227 11.399900763779634 -4.070387069294692 -4.027917628198585
2.9347793441058254 11.148542505637227 11.471809845850993 -4.090083574959832 -4.03775377391706
2.9544758497709656 11.148542505637227 11.548848888048699 -4.109780080624971 -4.047683407246613
2.9741723554361053 11.148542505637227 11.63034485008372 -4.129476586290111 -4.057817197814097
2.993868861101245 11.148542505637227 11.7155611035168 -4.149173091955251 -4.0682458433253235
3.0135653667663846 11.148542505637227 11.80373306193344 -4.16886959762039 -4.079039772385906
3.0332618724315243 11.148542505637227 11.894099360988706 -4.18856610328553 -4.090250186264181
3.052958378096664 11.148542505637227 11.98592607488785 -4.20826260895067 -4.101911066066744
3.072654883761804 11.148542505637227 12.078522952104839 -4.22795911461581 -4.114041746367652
3.092351389426944 11.148542505637227 12.171251921604876 -4.24765562028095 -4.126649697166025
3.1120478950920836 11.148542505637227 12.26352899196062 -4.26735212594609 -4.139733235702009
3.1317444007572233 11.148542505637227 12.354821110603535 -4.2870486316112295 -4.1532839819034475
3.151440906422363 11.148542505637227 12.444639640982455 -4.306745137276369 -4.167288956630708
3.1711374120875027 11.148542505637227 12.532531964232737 -4.326441642941509 -4.181732289940581
3.190833917752643 11.148542505637227 12.61807243426726 -4.346138148606649 -4.19659655400838
3.2105304234177825 11.148542505637227 12.700853601206555 -4.365834654271788 -4.211863763765442
3.230226929082922 11.148542505637227 12.780478326796688 -4.385531159936928 -4.227516101689596
3.249923434748062 11.148542505637227 12.856553177300597 -4.405227665602068 -4.24353642603783
3.2696199404132016 11.148542505637227 12.928683303651658 -4.424924171267207 -4.259908618139217
3.2893164460783413 11.148542505637227 12.996468901754707 -4.444620676932347 -4.276617817245611
3.3090129517434814 11.148542505637227 13.059503277408227 -4.464317182597488 -4.293650582966524
3.328709457408621 11.148542505637227 13.117372507729321 -4.484013688262627 -4.310995016765277
3.348405963073761 11.148542505637227 13.169656681508608 -4.503710193927767 -4.328640866022071
3.3681024687389005 11.148542505637227 13.215932702955188 -4.523406699592907 -4.34657962701844
3.38779897440404 11.148542505637227 13.255778646467348 -4.5431032052580465 -4.364804656860352
3.40749548006918 11.148542505637227 13.288779645340243 -4.562799710923186 -4.383311298705927
3.42719198573432 11.148542505637227 13.31453527703195 -4.582496216588326 -4.402097019540417
3.4468884913994597 11.148542505637227 13.332668365847951 -4.6021927222534655 -4.421161555025364
3.4665849970645994 11.148542505637227 13.34283505731961 -4.621889227918605 -4.44050705160632
3.486281502729739 11.148542505637227 13.3447359274929 -4.641585733583745 -4.460138192175781
3.505978008394879 11.148542505637227 13.338127780123953 -4.661282239248885 -4.480062288359884
3.5256745140600185 11.148542505637227 13.322835665870526 -4.680978744914024 -4.500289320258956
3.5453710197251587 11.148542505637227 13.298764549044716 -4.700675250579165 -4.520831903500287
3.5650675253902984 11.148542505637227 13.26590996281305 -4.720371756244305 -4.541705164325029
3.584764031055438 11.148542505637227 13.224366965491734 -4.740068261909444 -4.5629265059115705
3.6044605367205778 11.148542505637227 13.17433673992184 -4.759764767574584 -4.584515253716117
3.6241570423857175 11.148542505637227 13.116130283174128 -4.779461273239724 -4.606492173568089
3.643853548050857 11.148542505637227 13.050168801085507 -4.799157778904863 -4.628878863292442
3.6635500537159973 11.148542505637227 12.976980634023915 -4.818854284570003 -4.651697025960523
3.683246559381137 11.148542505637227 12.897194766903617 -4.838550790235143 -4.67496763983194
3.7029430650462767 11.148542505637227 12.81153118598884 -4.8582472959002825 -4.698710046119059
3.7226395707114164 11.148542505637227 12.720788510607552 -4.877943801565422 -4.722940980627975
3.742336076376556 11.148542505637227 12.625829433826006 -4.897640307230562 -4.747673579125574
3.7620325820416958 11.148542505637227 12.527564550319827 -4.917336812895702 -4.7729163891612325
3.781729087706836 11.148542505637227 12.42693514223232 -4.937033318560842 -4.798672423282784
3.8014255933719756 11.148542505637227 12.324895452613363 -4.956729824225982 -4.824938290257679
3.8211220990371153 11.148542505637227 12.222394921049649 -4.9764263298911215 -4.851703441931571
3.840818604702255 11.148542505637227 12.120360804265589 -4.996122835556261 -4.8789495733416715
3.8605151103673947 11.148542505637227 12.019681566320784 -5.015819341221401 -4.906650212042459
3.8802116160325344 11.148542505637227 11.921191401447249 -5.035515846886541 -4.934770528599394
3.899908121697674 11.148542505637227 11.825656243501978 -5.05521235255168 -4.963267393264562
3.9196046273628142 11.148542505637227 11.733761610491692 -5.07490885821682 -4.992089693670556
3.939301133027954 11.148542505637227 11.646102619509637 -5.09460536388196 -5.021178915144522
3.9589976386930936 11.148542505637227 11.563176476228447 -5.114301869547099 -5.050469969707239
3.9786941443582333 11.148542505637227 11.485377686489885 -5.133998375212239 -5.079892243301666
3.998390650023373 11.148542505637227 11.41299615310119 -5.153694880877379 -5.109370815041846
4.018087155688513 11.148542505637227 11.346218211938446 -5.173391386542519 -5.138827789215811
4.037783661353653 11.148542505637227 11.285130536439656 -5.193087892207659 -5.168183672202311
4.0574801670187925 11.148542505637227 11.229726711031068 -5.212784397872799 -5.197358723685994
4.077176672683932 11.148542505637227 11.179916156186396 -5.2324809035379385 -5.2262742151660495
4.096873178349072 11.148542505637227 11.135534994077801 -5.252177409203078 -5.254853538484912
4.116569684014212 11.148542505637227 11.096358384366802 -5.271873914868218 -5.2830231218840815
4.136266189679351 11.148542505637227 11.062113839916833 -5.291570420533358 -5.310713129239098
4.155962695344491 11.148542505637227 11.032495051702442 -5.311266926198497 -5.337857937638774
4.175659201009631 11.148542505637227 11.007175805106678 -5.330963431863637 -5.364396407374645
4.19535570667477 11.148542505637227 10.985823645966999 -5.350659937528777 -5.390271975016501
4.215052212339911 11.148542505637227 10.968113041338485 -5.370356443193917 -5.415432613376748
4.234748718005051 11.148542505637227 10.953737863391678 -5.390052948859057 -5.4398307111752136
4.25444522367019 11.148542505637227 10.942423092575813 -5.409749454524197 -5.463422929958392
4.27414172933533 11.148542505637227 10.933935677849599 -5.429445960189336 -5.486170096549124
4.29383823500047 11.148542505637227 10.928094500582146 -5.449142465854476 -5.508037186394728
4.3135347406656095 11.148542505637227 10.924779361661756 -5.468838971519616 -5.528993447066464
4.333231246330749 11.148542505637227 10.923938849689993 -5.488535477184755 -5.549012702138094
4.352927751995889 11.148542505637227 10.925596857956595 -5.508231982849895 -5.568073863697345
4.372624257661029 11.148542505637227 10.929857409398057 -5.527928488515035 -5.586161666771355
4.392320763326168 11.148542505637227 10.936907337568238 -5.5476249941801745 -5.603267620570686
4.412017268991308 11.148542505637227 10.947016277577061 -5.567321499845314 -5.619391149522477
4.431713774656448 11.148542505637227 10.960533367341917 -5.587018005510454 -5.634540871885898
4.451410280321588 11.148542505637227 10.977880072057895 -5.6067145111755945 -5.648735936201292
4.471106785986728 11.148542505637227 10.999538646888075 -5.626411016840734 -5.662007308210668
4.490803291651868 11.148542505637227 11.026035961781878 -5.646107522505874 -5.67439887662353
4.510499797317007 11.148542505637227 11.05792273225706 -5.665804028171014 -5.6859682299373855
4.530196302982147 11.148542505637227 11.095748616253506 -5.685500533836153 -5.696786953826905
4.549892808647287 11.148542505637227 11.140034111920157 -5.705197039501293 -5.706940314332301
4.569589314312426 11.148542505637227 11.19124066358425 -5.724893545166433 -5.71652622921769
4.589285819977566 11.148542505637227 11.249740775934637 -5.744590050831572 -5.725653487955397
4.608982325642706 11.148542505637227 11.315790169480888 -5.764286556496712 -5.734439254774895
4.6286788313078455 11.148542505637227 11.389504018959135 -5.783983062161852 -5.743005969466053
4.648375336972985 11.148542505637227 11.470839070003048 -5.8036795678269915 -5.751477834346167
4.668071842638125 11.148542505637227 11.55958294442647 -5.823376073492131 -5.759977129733796
4.6877683483032655 11.148542505637227 11.655351285588875 -5.843072579157272 -5.768620624029216
4.707464853968405 11.148542505637227 11.75759266378608 -5.862769084822411 -5.777516333401781
4.727161359633545 11.148542505637227 11.865600472717725 -5.882465590487551 -5.7867608425031705
4.746857865298685 11.148542505637227 11.978530504769301 -5.902162096152691 -5.796437330314095
4.766554370963824 11.148542505637227 12.095422563618216 -5.9218586018178305 -5.806614366881659
4.786250876628964 11.148542505637227 12.215224380175975 -5.94155510748297 -5.8173454706390935
4.805947382294104 11.148542505637227 12.336816220246442 -5.96125161314811 -5.82866935313012
4.825643887959243 11.148542505637227 12.459034854897249 -5.98094811881325 -5.84061073486715
4.845340393624383 11.148542505637227 12.580695936983387 -6.000644624478389 -5.853181594526774
4.865036899289523 11.148542505637227 12.700614219771428 -6.020341130143529 -5.866382711509923
4.8847334049546625 11.148542505637227 12.817621409101456 -6.040037635808669 -5.880205374321038
4.904429910619802 11.148542505637227 12.930581720561493 -6.059734141473808 -5.894633148565728
4.924126416284943 11.148542505637227 13.038405398604484 -6.079430647138949 -5.909643623288158
4.943822921950082 11.148542505637227 13.140060542747046 -6.099127152804089 -5.925210078654393
4.963519427615222 11.148542505637227 13.23458358653619 -6.118823658469228 -5.94130303885571
4.983215933280362 11.148542505637227 13.321088705622866 -6.138520164134368 -5.957891690160862
5.0029124389455015 11.148542505637227 13.398776314812604 -6.158216669799508 -5.974945155031267
5.022608944610641 11.148542505637227 13.466940675816007 -6.1779131754646475 -5.992433619689411
5.042305450275781 11.148542505637227 13.524976503596372 -6.197609681129787 -6.0103293155643716
5.062001955940921 11.148542505637227 13.572384354495332 -6.217306186794927 -6.028607355900524
5.08169846160606 11.148542505637227 13.608774522813746 -6.2370026924600666 -6.047246428791894
5.1013949672712 11.148542505637227 13.633869177911407 -6.256699198125206 -6.066229347987142
5.12109147293634 11.148542505637227 13.647502541762071 -6.276395703790346 -6.085543463709337
5.140787978601479 11.148542505637227 13.649619028984395 -6.296092209455486 -6.1051809376327615
5.160484484266619 11.148542505637227 13.64026942787036 -6.315788715120625 -6.125138888847328
5.18018098993176 11.148542505637227 13.619605366411767 -6.335485220785766 -6.1454194205499935
5.199877495596899 11.148542505637227 13.58787245537601 -6.355181726450906 -6.166029539587354
5.219574001262039 11.148542505637227 13.545402609318904 -6.374878232116045 -6.1869809820958155
5.239270506927179 11.148542505637227 13.492606102457016 -6.394574737781185 -6.208289957779094
5.2589670125923185 11.148542505637227 13.429963916749232 -6.414271243446325 -6.229976822490149
5.278663518257458 11.148542505637227 13.358020887460583 -6.433967749111464 -6.252065683761289
5.298360023922598 11.148542505637227 13.277380058492952 -6.453664254776604 -6.274583936918287
5.318056529587738 11.148542505637227 13.188698534692893 -6.473360760441744 -6.297561720908425
5.337753035252877 11.148542505637227 13.092684974027774 -6.4930572661068835 -6.321031273421948
5.357449540918017 11.148542505637227 12.990098697549152 -6.512753771772023 -6.345026155281465
5.377146046583157 11.148542505637227 12.881750217348843 -6.532450277437163 -6.369580305225804
5.396842552248296 11.148542505637227 12.768502785896974 -6.552146783102303 -6.3947268797270755
5.416539057913437 11.148542505637227 12.651274355561812 -6.571843288767443 -6.4204968302688386
5.436235563578577 11.148542505637227 12.531039108620394 -6.591539794432583 -6.446917175206413
5.455932069243716 11.148542505637227 12.408827490551271 -6.611236300097723 -6.474008938076224
5.475628574908856 11.148542505637227 12.28572348302998 -6.630932805762862 -6.501784752331881
5.495325080573996 11.148542505637227 12.162857737135372 -6.650629311428002 -6.530246176569474
5.515021586239135 11.148542505637227 12.041395217968573 -6.670325817093142 -6.559380824973701
5.534718091904275 11.148542505637227 11.92251626528984 -6.690022322758281 -6.589159491691989
5.554414597569415 11.148542505637227 11.807390515862462 -6.709718828423421 -6.619533526315163
5.5741111032345545 11.148542505637227 11.697143988762097 -6.729415334088561 -6.650432785252454
5.593807608899694 11.148542505637227 11.592820759160078 -6.7491118397537 -6.681764519798477
5.613504114564834 11.148542505637227 11.495341895928703 -6.76880834541884 -6.713413544050747
5.633200620229974 11.148542505637227 11.405465473359278 -6.78850485108398 -6.745243938320949
5.652897125895114 11.148542505637227 11.323752189351236 -6.80820135674912 -6.777102384349335
5.672593631560254 11.148542505637227 11.250541156922598 -6.82789786241426 -6.808823016114242
5.692290137225394 11.148542505637227 11.185939632204303 -6.8475943680794 -6.840233443545072
5.711986642890533 11.148542505637227 11.129828854264034 -6.8672908737445395 -6.871161417172139
5.731683148555673 11.148542505637227 11.08188607647652 -6.886987379409679 -6.9014414972450115
5.751379654220813 11.148542505637227 11.041620698842761 -6.906683885074819 -6.930921098501152
5.771076159885952 11.148542505637227 11.008420626044026 -6.926380390739959 -6.95946539871154
5.790772665551092 11.148542505637227 10.98160392341533 -6.946076896405098 -6.98696079359574
5.810469171216232 11.148542505637227 10.960470660149106 -6.965773402070238 -7.013316803916457
5.830165676881371 11.148542505637227 10.944350430962935 -6.985469907735378 -7.0384665434380596
5.849862182546511 11.148542505637227 10.932642187126069 -7.005166413400517 -7.062366003631243
5.869558688211651 11.148542505637227 10.924844374629846 -7.024862919065657 -7.084992487589595
5.889255193876791 11.148542505637227 10.920574690767177 -7.044559424730798 -7.106342535671964
5.908951699541931 11.148542505637227 10.919579838170856 -7.064255930395937 -7.126429645412627
5.928648205207071 11.148542505637227 10.921736389747883 -7.083952436061077 -7.145282019312845
5.9483447108722105 11.148542505637227 10.927044279675345 -7.103648941726217 -7.162940495601793
5.96804121653735 11.148542505637227 10.93561456212238 -7.1233454473913564 -7.179456743188714
5.98773772220249 11.148542505637227 10.947653012204261 -7.143041953056496 -7.194891741188924
6.00743422786763 11.148542505637227 10.963440963839622 -7.162738458721636 -7.2093145189601655
6.027130733532769 11.148542505637227 10.983314552722398 -7.1824349643867755 -7.222801104451015
6.046827239197909 11.148542505637227 11.007643305319567 -7.202131470051915 -7.235433614834559
6.066523744863049 11.148542505637227 11.036808812899908 -7.221827975717055 -7.247299421090106
6.086220250528188 11.148542505637227 11.071184063643372 -7.241524481382195 -7.258490324523282
6.105916756193328 11.148542505637227 11.11111387562232 -7.261220987047334 -7.269101695529238
6.125613261858469 11.148542505637227 11.156896772442385 -7.280917492712475 -7.2792315408679
6.145309767523608 11.148542505637227 11.208768562733061 -7.300613998377615 -7.288979483287392
6.165006273188748 11.148542505637227 11.266887816020821 -7.320310504042754 -7.29844565470437
6.184702778853888 11.148542505637227 11.33132336456542 -7.340007009707894 -7.30772951977151
6.2043992845190274 11.148542505637227 11.402043900517896 -7.359703515373034 -7.31692865925545
6.224095790184167 11.148542505637227 11.478909680913269 -7.379400021038173 -7.326137551285531
6.243792295849307 11.148542505637227 11.561666303648227 -7.399096526703313 -7.3354463927119475
6.2634888015144465 11.148542505637227 11.649940482732903 -7.418793032368453 -7.344940002500032
6.283185307179586 11.148542505637227 11.743237739851937 -7.4384895380335925 -7.3546968447233585
$EndRotorRadiiValues
