$SimulationHeader
$EndSimulationHeader
$Dimensions
4.1
16.2
24.0
-4.0
15.0
$EndDimensions
$DrawingSource
./DrawingImages/blackcat.jpg
$EndDrawingSource
$DataCount
152
$EndDataCount
$XYCoordinates
16.23152709359606 26.0
16.073891625615765 25.605911330049263
16.073891625615765 25.211822660098523
16.073891625615765 24.817733990147786
16.15270935960591 24.423645320197046
16.192118226600986 24.029556650246306
16.192118226600986 23.63546798029557
16.15270935960591 23.24137931034483
16.15270935960591 22.847290640394093
16.27093596059113 22.453201970443352
16.507389162561577 22.059113300492612
16.704433497536947 21.704433497536947
16.704433497536947 21.310344827586206
16.586206896551722 20.91625615763547
16.467980295566505 20.561576354679808
16.389162561576356 20.167487684729068
16.310344827586206 19.773399014778327
16.23152709359606 19.379310344827587
16.15270935960591 18.985221674876847
16.073891625615765 18.59113300492611
16.03448275862069 18.19704433497537
15.955665024630543 17.802955665024633
15.916256157635468 17.408866995073893
15.876847290640393 17.014778325123153
15.83743842364532 16.620689655172413
15.798029556650247 16.26600985221675
15.758620689655173 15.871921182266012
15.679802955665025 15.477832512315272
15.32512315270936 15.083743842364534
15.049261083743843 14.729064039408868
14.931034482758621 14.33497536945813
14.891625615763548 13.940886699507391
14.891625615763548 13.546798029556651
14.970443349753694 13.152709359605913
15.088669950738916 12.758620689655174
15.246305418719212 12.403940886699509
15.403940886699507 12.009852216748769
15.52216748768473 11.615763546798032
15.12807881773399 11.694581280788178
14.733990147783251 12.049261083743843
14.536945812807883 12.443349753694584
14.379310344827587 12.798029556650247
14.300492610837438 13.192118226600986
14.261083743842365 13.586206896551726
14.300492610837438 13.980295566502464
14.379310344827587 14.374384236453203
14.497536945812808 14.729064039408868
14.576354679802956 15.123152709359607
14.694581280788178 15.517241379310345
14.852216748768473 15.911330049261085
14.970443349753694 16.305418719211822
15.088669950738916 16.699507389162562
15.206896551724139 17.054187192118228
15.246305418719212 17.448275862068968
15.285714285714285 17.842364532019708
15.246305418719212 18.236453201970445
15.167487684729064 18.63054187192118
14.931034482758621 18.985221674876847
14.615763546798028 19.339901477832512
14.261083743842365 19.536945812807883
13.866995073891626 19.49753694581281
13.591133004926109 19.18226600985222
13.630541871921181 18.78817733990148
13.985221674876847 18.433497536945815
14.142857142857142 18.039408866995075
14.142857142857142 17.645320197044335
14.103448275862068 17.251231527093598
13.985221674876847 16.857142857142858
13.827586206896552 16.46305418719212
13.669950738916256 16.108374384236456
13.551724137931036 15.714285714285715
13.394088669950738 15.320197044334977
13.275862068965516 14.926108374384238
13.19704433497537 14.532019704433498
13.11822660098522 14.13793103448276
13.0 13.783251231527096
13.0 13.389162561576356
13.0 12.995073891625617
13.0 12.600985221674879
13.11822660098522 12.246305418719214
13.236453201970443 11.852216748768473
13.472906403940886 11.458128078817735
13.748768472906404 11.103448275862071
14.142857142857142 10.827586206896553
14.536945812807883 10.630541871921183
14.931034482758621 10.472906403940888
15.32512315270936 10.433497536945815
15.719211822660098 10.354679802955665
16.113300492610836 10.354679802955665
16.507389162561577 10.354679802955665
16.862068965517242 10.315270935960593
17.216748768472904 10.07881773399015
17.610837438423644 10.039408866995075
18.004926108374384 10.07881773399015
18.399014778325125 10.157635467980297
18.79310344827586 10.039408866995075
19.1871921182266 10.039408866995075
19.581280788177338 10.157635467980297
19.89655172413793 10.39408866995074
20.29064039408867 10.39408866995074
20.68472906403941 10.551724137931036
20.724137931034484 10.945812807881776
20.881773399014776 11.339901477832512
21.07881773399015 11.733990147783253
21.275862068965516 12.128078817733991
21.433497536945815 12.482758620689657
21.551724137931036 12.876847290640395
21.669950738916256 13.270935960591135
21.70935960591133 13.665024630541874
21.70935960591133 14.059113300492612
21.669950738916256 14.453201970443352
21.472906403940886 14.847290640394089
21.1576354679803 15.201970443349756
20.8423645320197 15.596059113300495
20.8423645320197 15.990147783251233
20.80295566502463 16.38423645320197
20.80295566502463 16.77832512315271
20.76354679802956 17.172413793103452
20.724137931034484 17.56650246305419
20.68472906403941 17.960591133004925
20.566502463054185 18.31527093596059
20.527093596059114 18.70935960591133
20.448275862068964 19.10344827586207
20.36945812807882 19.49753694581281
20.29064039408867 19.891625615763548
20.211822660098523 20.285714285714285
20.133004926108374 20.679802955665025
20.014778325123153 21.073891625615765
19.97536945812808 21.467980295566505
20.093596059113302 21.862068965517246
20.251231527093594 22.256157635467982
20.408866995073893 22.65024630541872
20.48768472906404 23.04433497536946
20.448275862068964 23.4384236453202
20.408866995073893 23.832512315270936
20.448275862068964 24.226600985221676
20.48768472906404 24.620689655172413
20.527093596059114 25.014778325123157
20.527093596059114 25.408866995073893
20.48768472906404 25.802955665024633
20.17241379310345 25.960591133004925
19.817733990147783 25.76354679802956
19.463054187192117 25.36945812807882
19.06896551724138 25.05418719211823
18.67487684729064 25.05418719211823
18.2807881773399 25.05418719211823
17.88669950738916 25.014778325123157
17.492610837438423 25.093596059113302
17.098522167487687 25.408866995073893
16.74384236453202 25.802955665024633
16.34975369458128 26.0
16.27093596059113 26.0
$EndXYCoordinates
$RawThetaValues
-1.1096963957103727 1.9016122687546275 -0.006480071144731608 0.12380391798006142
-1.1230661082353137 1.9211599572671378 0.0019295907907687449 0.09929617887811032
-1.1385145851213248 1.9315587883782006 0.0033629271629113055 0.0748822072531792
-1.153875362307074 1.9415976610519743 0.004393553978164655 0.050513184208909476
-1.1703726450789236 1.9468033973414272 0.001739558383902002 0.026156169553344488
-1.186234333674319 1.9538610386569268 0.00032728368105148934 0.001824564939598814
-1.2014379698928257 1.9628160376862636 0.00015749647250360867 -0.0225038575167926
-1.215951852483277 1.9737152171572372 0.0012299683123106128 -0.04684444773841026
-1.2310575677845028 1.9820096231152833 0.0002595082590471522 -0.0712150290509458
-1.2481326316648864 1.9830220495868822 -0.0060378813409859965 -0.09559990900296136
-1.267204706980717 1.9765998068041488 -0.01765197236221602 -0.11986383255728851
-1.2841180327662043 1.9712998143530114 -0.027777672046390176 -0.14160286557581264
-1.2993357823595704 1.9780533572333574 -0.03031382608068806 -0.16611031208382257
-1.3125335349567693 1.9916156128597322 -0.02836001101831694 -0.19091650524502526
-1.3241193305996823 2.004345063492853 -0.026472301995899047 -0.2133440424986414
-1.3378592898429982 2.0150607715701665 -0.026957719496804068 -0.2382851273201754
-1.351562275052948 2.0255152312275446 -0.027874744550312143 -0.2633595972410112
-1.3652362095487907 2.035709791543314 -0.02923047695414828 -0.28858382445646
-1.3788889181787183 2.0456450837054234 -0.031032783489534112 -0.31397413178388284
-1.3925281644030214 2.0553210333885192 -0.033290289732689556 -0.33954683393443696
-1.4069822017347609 2.0622014159017015 -0.037632696198835684 -0.3652236602455049
-1.4206384322670809 2.0713296126453455 -0.04082581264983649 -0.3912012039724698
-1.4351622497177405 2.0776058529649526 -0.046115191994440044 -0.4172906410873397
-1.449741381143866 2.083560036902356 -0.051889780421030145 -0.44359854487745914
-1.4643841942020295 2.0891858930499905 -0.058159241933144465 -0.47013667559537137
-1.4775339276805155 2.0942291451910187 -0.06407411973035104 -0.49424453901209175
-1.4923197079905037 2.0992140945260083 -0.07131265629635387 -0.5212538052230726
-1.5062561301934896 2.1065717660764136 -0.07750444189897394 -0.5487396845790837
-1.5133839959956137 2.132992085960471 -0.07328758461395445 -0.5780710129802458
-1.5205145007866936 2.1539298963116047 -0.07178637359040052 -0.6046381170989057
-1.533289350744242 2.1636991557721346 -0.07823522833130953 -0.6336310812578927
-1.548301160199143 2.167441580018729 -0.08842036551900541 -0.6625704521470845
-1.564564647976886 2.167859974654609 -0.10073948169552636 -0.6915714507372284
-0.11664345075306445 -0.7201786497671896 4.699942421492155 2.161884966916487
-0.13451347913394868 -0.7484852174967426 4.67994658523565 2.152325670008651
-0.1528435527476796 -0.773348454819852 4.6603580070361055 2.139270255518485
-0.17289343207856858 -0.8009898234252523 4.638917088180709 2.1254208259375993
-0.19189975821663016 -0.8290123759129304 4.618360266954952 2.1138802310614593
-0.17497969247947034 -0.8285790120752404 4.632738733597046 2.1447453996030226
-0.1471940476312688 -0.8062261147559592 4.659772264060409 2.1772116775953063
-0.12516903280743966 -0.7778975679416797 4.682673935429765 2.193809816974212
-0.10637289321966548 -0.7520070651147021 4.70252533160231 2.206566849907553
-1.5617942395659263 2.2126422079925314 -0.08958915734024922 -0.7224329513089138
-1.5443717178378364 2.215110772034277 -0.07488496203829524 -0.6927747983206156
-1.529546505021765 2.211144654070276 -0.06389299292092977 -0.6629914984231777
-1.5160190055914564 2.203897375999747 -0.055119962968119565 -0.6334436909695295
-1.505267112394949 2.1936953067699845 -0.04968595908953628 -0.6070557246646765
-1.4918417376548936 2.185958838379116 -0.042136721888479736 -0.5783446443326963
-1.4795480209704601 2.175168099867882 -0.03680227816636347 -0.5499257454149123
-1.4682856489436047 2.161446022013597 -0.03368277808026991 -0.521821795447678
-1.455942633805179 2.1503127647453906 -0.02953770619154491 -0.4942004511523214
-1.443580904792435 2.1389898418341264 -0.025953827960345358 -0.46693192099711356
-1.4327194253644973 2.127845980053433 -0.023680518277029168 -0.4426532701051658
-1.4184416560233502 2.121387018290194 -0.017858370628962793 -0.41609439135271387
-1.404217293303508 2.11462004052944 -0.012534932577842923 -0.38977961282099766
-1.3882376416968703 2.1126591280407783 -0.004423029852051124 -0.3637271459999064
-1.3714527300583328 2.1128293817914106 0.004870128689415061 -0.337819329570535
-1.3526386246089175 2.123157080051725 0.019783738125192123 -0.3144193129456574
-1.3320189834862206 2.1379589400047267 0.03770121226261156 -0.2906840576385427
-1.3162246199559533 2.157262748733081 0.05512832238313013 -0.276766392716111
-1.3078371874315968 2.182872825128983 0.07140704496897052 -0.2777103140018164
-1.312064515317566 2.205839013887979 0.0792141553709078 -0.29709672024484385
-1.3273667220556689 2.209819372369653 0.0721146068863448 -0.32347883394918403
-1.349766191757662 2.1921728071961835 0.051693190927351335 -0.348653154436701
-1.3684823707477487 2.1873780029773204 0.03866824189366436 -0.37559947824161133
-1.383155006878239 2.192549462067544 0.031836013333607305 -0.40227580202238256
-1.3968357705476673 2.2000459025435717 0.026154486722615156 -0.4291345327788305
-1.4083617064004517 2.212666781603958 0.023262144744265117 -0.45617368967035155
-1.4186930478832804 2.2278952575554034 0.021471646122681324 -0.48352400572620935
-1.4274156711185604 2.242672240018432 0.020026476337443897 -0.5084687812097554
-1.438725038379097 2.2549965655819326 0.015447175036764967 -0.5366817753344713
-1.4487353152019964 2.2700717938389445 0.011895118704721586 -0.5653193367464259
-1.459929695986571 2.2821878224973737 0.006030638234496532 -0.5944942266596551
-1.4724267127552157 2.2911986074647923 -0.0021568174394520465 -0.6241894840696668
-1.4849703806447856 2.2999803803229555 -0.011037041326616122 -0.6543951487045641
-1.4946226248652323 2.3113766183507276 -0.01770222986028083 -0.6821088194864477
-1.5101092990417528 2.313504174399901 -0.031195045716535617 -0.7132158655683963
-1.5257900220749843 2.315171232240867 -0.045385307936904096 -0.7447539086629619
-1.5416785198932605 2.3163576907665586 -0.06028711307661717 -0.776730670146643
-1.5606271896873432 2.307213530303696 -0.07889328942110266 -0.8051413558223486
-0.09955754195273372 -0.8368355208251455 4.70171075372104 2.297396079003658
-0.12507307380440028 -0.8673494549390646 4.676184404878298 2.2768681324231688
-0.15047836310127477 -0.893614900681989 4.650781863536923 2.252325747527844
-0.176448074439912 -0.9109877306410763 4.624845374048314 2.217792376659685
-0.19857684177375254 -0.9209248917552167 4.60299081445158 2.1837462108432506
-0.21862998447699128 -0.9268617906164679 4.583577557950859 2.1502167105005423
-0.2332543591243545 -0.9228399315200513 4.570307719299686 2.11830063810559
-0.24938830645697052 -0.9214380162646968 4.555953398165711 2.086410454383644
-0.26203925558505786 -0.9136382066698637 4.5459669009878 2.0559731984828127
-0.27462210326786024 -0.9055896960026659 4.536682584483047 2.026057523628059
-0.287467598863964 -0.900992855182177 4.52708052028933 1.9990131230177497
-0.3080227819489683 -0.9101668434258424 4.508857003489431 1.9694084113765116
-0.32177375756731974 -0.9038742066108836 4.499609027684198 1.9401168231379682
-0.33241033061494724 -0.8918483406242795 4.494646347477461 1.9124917038970006
-0.3416218998846614 -0.8770499485350893 4.492084312478874 1.885919707539509
-0.3581545652065835 -0.8753346430888662 4.481021878710253 1.8566093030027429
-0.37025553522643184 -0.865426991971365 4.475972780131399 1.8295515832865388
-0.3781950339437995 -0.8477212716132971 4.476844991308459 1.804778575388164
-0.3798605623281707 -0.8245843221004657 4.484276694726719 1.787407800909221
-0.39221090315170504 -0.8144913111824595 4.480618835228976 1.7613065896699376
-0.39946307870493214 -0.794485724967438 4.484479632909872 1.7379096255825845
-0.38822307546060963 -0.7692085940390971 4.501669199459818 1.7410620644485126
-0.3812803727121318 -0.7411013763278957 4.517860380358376 1.7360887303843464
-0.37620255565189487 -0.7122730713225691 4.533697856136495 1.7281757182173758
-0.37170571719028694 -0.6836965395008996 4.549494843946297 1.7198930126671164
-0.3674672989557121 -0.6586343723898245 4.563807848912586 1.7133822687569054
-0.36128184866072965 -0.6322689031591755 4.580011922066818 1.709406322975471
-0.35557098736164633 -0.6060411013712041 4.59615554924241 1.705033009662175
-0.3475082791896532 -0.5816516161786592 4.612691269100838 1.7052419525000515
-0.33841561972492895 -0.5581384799594781 4.629389240991873 1.7075194476366289
-0.3282444529194998 -0.5354311139325425 4.646261930697669 1.7118559381209186
-0.3125750230025386 -0.5157606525692963 4.664087455166595 1.7256804311435596
-0.29350904983004944 -0.5003492817015907 4.681183691985842 1.7464312702675897
-0.2737563857458305 -0.4820478091108306 4.7001561173903665 1.7668548871655736
-1.5665954000859712 1.7669545706934828 -0.2661670825931045 -0.45812439978276526
-1.549887304292956 1.769118413490729 -0.2574473202645322 -0.4348603844584239
-1.5335550969426155 1.7684010111740593 -0.2506107529969158 -0.41097420752379743
-1.5169394070406355 1.7697390439771497 -0.2426204800086333 -0.38770627743662517
-1.5003630620853303 1.7706649050387748 -0.23499080158468946 -0.36442611511900136
-1.4838220281408727 1.771181213708766 -0.22772299936498258 -0.3411335876248281
-1.4682628006787655 1.7764055751170087 -0.21820319580610262 -0.3212789180120835
-1.4517787817634198 1.776132819880303 -0.21160671016831645 -0.297925658222246
-1.4349815755142168 1.777872866376023 -0.2037920501045781 -0.2750538384050246
-1.41820287408445 1.7791944961551822 -0.19632798542702784 -0.2521327020768667
-1.4014390203151113 1.7800988525001276 -0.18921689646633502 -0.2291621156917808
-1.3846860354985535 1.7805868412825439 -0.182461104249927 -0.2061413274412311
-1.3679396140819804 1.7806590926563137 -0.17606290238847 -0.1830689555369707
-1.3508516683154943 1.7826901528669827 -0.168403499762682 -0.16035266735536582
-1.3344475562416358 1.7795572835191524 -0.16434851101555956 -0.13676069718655445
-1.3193384041210816 1.7665893674610298 -0.16720581186917424 -0.11154092986149257
-1.3043967443974165 1.750914860123948 -0.1721363799227567 -0.08585533085432775
-1.289265204264771 1.7348823464383014 -0.17751791690304397 -0.0600728140163231
-1.2734311786325312 1.7231753984865104 -0.1800392431713832 -0.0350531667006315
-1.256747265483253 1.71811240094739 -0.17799263631320347 -0.011259649154053291
-1.2399972335572886 1.71262488190934 -0.17633575487428707 0.012634783248877674
-1.2236184436779052 1.702024757941381 -0.1784318045452858 0.03751764742522132
-1.2070993731147006 1.6909885545905232 -0.18095938222183222 0.062545343662737
-1.1904235908495793 1.6795002834141632 -0.18392742881881716 0.0877413505072334
-1.173405164032903 1.669889116668231 -0.18563903861914133 0.11265933426951788
-1.1560722293422927 1.6621440496514834 -0.18607769336801905 0.1372986812279981
-1.1478231357281383 1.6767057883024052 -0.173343299284969 0.14372043027428066
-1.1545217285278973 1.7028281248402817 -0.15685104308287773 0.12739175713873652
-1.16908849678061 1.7336395272117802 -0.139729020508498 0.09913560908890498
-1.179350162332474 1.7643251529251356 -0.12179582547345255 0.07612151285873105
-1.1759479955123497 1.7872000174819254 -0.1051268188026193 0.07331782179289886
-1.172186396142785 1.8099615836766596 -0.08851241703794058 0.070932256732408
-1.1696712128247713 1.8335778525442632 -0.07183332692265901 0.06651026129809984
-1.1620136056085821 1.8541993734397881 -0.055533160382046365 0.06984651415937658
-1.144582501844319 1.8686616776740768 -0.04007718370884659 0.08827129036255094
-1.12432236036862 1.878309121423679 -0.02689733527688157 0.1120638365206128
-1.1112951673685456 1.8950158286196304 -0.011411873538914473 0.1238697840627027
-1.1102326493287626 1.8994145250297223 -0.008123644791609565 0.12382183443969882
$EndRawThetaValues
$ThetaValues
-0.006480071144731608 0.12380391798006142
0.0019295907907687449 0.09929617887811032
0.0033629271629113055 0.0748822072531792
0.004393553978164655 0.050513184208909476
0.001739558383902002 0.026156169553344488
0.00032728368105148934 0.001824564939598814
0.00015749647250360867 -0.0225038575167926
0.0012299683123106128 -0.04684444773841026
0.0002595082590471522 -0.0712150290509458
-0.0060378813409859965 -0.09559990900296136
-0.01765197236221602 -0.11986383255728851
-0.027777672046390176 -0.14160286557581264
-0.03031382608068806 -0.16611031208382257
-0.02836001101831694 -0.19091650524502526
-0.026472301995899047 -0.2133440424986414
-0.026957719496804068 -0.2382851273201754
-0.027874744550312143 -0.2633595972410112
-0.02923047695414828 -0.28858382445646
-0.031032783489534112 -0.31397413178388284
-0.033290289732689556 -0.33954683393443696
-0.037632696198835684 -0.3652236602455049
-0.04082581264983649 -0.3912012039724698
-0.046115191994440044 -0.4172906410873397
-0.051889780421030145 -0.44359854487745914
-0.058159241933144465 -0.47013667559537137
-0.06407411973035104 -0.49424453901209175
-0.07131265629635387 -0.5212538052230726
-0.07750444189897394 -0.5487396845790837
-0.07328758461395445 -0.5780710129802458
-0.07178637359040052 -0.6046381170989057
-0.07823522833130953 -0.6336310812578927
-0.08842036551900541 -0.6625704521470845
-0.10073948169552636 -0.6915714507372284
-0.11664345075306445 -0.7201786497671896
-0.13451347913394868 -0.7484852174967426
-0.1528435527476796 -0.773348454819852
-0.17289343207856858 -0.8009898234252523
-0.19189975821663016 -0.8290123759129304
-0.17497969247947034 -0.8285790120752404
-0.1471940476312688 -0.8062261147559592
-0.12516903280743966 -0.7778975679416797
-0.10637289321966548 -0.7520070651147021
-0.08958915734024922 -0.7224329513089138
-0.07488496203829524 -0.6927747983206156
-0.06389299292092977 -0.6629914984231777
-0.055119962968119565 -0.6334436909695295
-0.04968595908953628 -0.6070557246646765
-0.042136721888479736 -0.5783446443326963
-0.03680227816636347 -0.5499257454149123
-0.03368277808026991 -0.521821795447678
-0.02953770619154491 -0.4942004511523214
-0.025953827960345358 -0.46693192099711356
-0.023680518277029168 -0.4426532701051658
-0.017858370628962793 -0.41609439135271387
-0.012534932577842923 -0.38977961282099766
-0.004423029852051124 -0.3637271459999064
0.004870128689415061 -0.337819329570535
0.019783738125192123 -0.3144193129456574
0.03770121226261156 -0.2906840576385427
0.05512832238313013 -0.276766392716111
0.07140704496897052 -0.2777103140018164
0.0792141553709078 -0.29709672024484385
0.0721146068863448 -0.32347883394918403
0.051693190927351335 -0.348653154436701
0.03866824189366436 -0.37559947824161133
0.031836013333607305 -0.40227580202238256
0.026154486722615156 -0.4291345327788305
0.023262144744265117 -0.45617368967035155
0.021471646122681324 -0.48352400572620935
0.020026476337443897 -0.5084687812097554
0.015447175036764967 -0.5366817753344713
0.011895118704721586 -0.5653193367464259
0.006030638234496532 -0.5944942266596551
-0.0021568174394520465 -0.6241894840696668
-0.011037041326616122 -0.6543951487045641
-0.01770222986028083 -0.6821088194864477
-0.031195045716535617 -0.7132158655683963
-0.045385307936904096 -0.7447539086629619
-0.06028711307661717 -0.776730670146643
-0.07889328942110266 -0.8051413558223486
-0.09955754195273372 -0.8368355208251455
-0.12507307380440028 -0.8673494549390646
-0.15047836310127477 -0.893614900681989
-0.176448074439912 -0.9109877306410763
-0.19857684177375254 -0.9209248917552167
-0.21862998447699128 -0.9268617906164679
-0.2332543591243545 -0.9228399315200513
-0.24938830645697052 -0.9214380162646968
-0.26203925558505786 -0.9136382066698637
-0.27462210326786024 -0.9055896960026659
-0.287467598863964 -0.900992855182177
-0.3080227819489683 -0.9101668434258424
-0.32177375756731974 -0.9038742066108836
-0.33241033061494724 -0.8918483406242795
-0.3416218998846614 -0.8770499485350893
-0.3581545652065835 -0.8753346430888662
-0.37025553522643184 -0.865426991971365
-0.3781950339437995 -0.8477212716132971
-0.3798605623281707 -0.8245843221004657
-0.39221090315170504 -0.8144913111824595
-0.39946307870493214 -0.794485724967438
-0.38822307546060963 -0.7692085940390971
-0.3812803727121318 -0.7411013763278957
-0.37620255565189487 -0.7122730713225691
-0.37170571719028694 -0.6836965395008996
-0.3674672989557121 -0.6586343723898245
-0.36128184866072965 -0.6322689031591755
-0.35557098736164633 -0.6060411013712041
-0.3475082791896532 -0.5816516161786592
-0.33841561972492895 -0.5581384799594781
-0.3282444529194998 -0.5354311139325425
-0.3125750230025386 -0.5157606525692963
-0.29350904983004944 -0.5003492817015907
-0.2737563857458305 -0.4820478091108306
-0.2661670825931045 -0.45812439978276526
-0.2574473202645322 -0.4348603844584239
-0.2506107529969158 -0.41097420752379743
-0.2426204800086333 -0.38770627743662517
-0.23499080158468946 -0.36442611511900136
-0.22772299936498258 -0.3411335876248281
-0.21820319580610262 -0.3212789180120835
-0.21160671016831645 -0.297925658222246
-0.2037920501045781 -0.2750538384050246
-0.19632798542702784 -0.2521327020768667
-0.18921689646633502 -0.2291621156917808
-0.182461104249927 -0.2061413274412311
-0.17606290238847 -0.1830689555369707
-0.168403499762682 -0.16035266735536582
-0.16434851101555956 -0.13676069718655445
-0.16720581186917424 -0.11154092986149257
-0.1721363799227567 -0.08585533085432775
-0.17751791690304397 -0.0600728140163231
-0.1800392431713832 -0.0350531667006315
-0.17799263631320347 -0.011259649154053291
-0.17633575487428707 0.012634783248877674
-0.1784318045452858 0.03751764742522132
-0.18095938222183222 0.062545343662737
-0.18392742881881716 0.0877413505072334
-0.18563903861914133 0.11265933426951788
-0.18607769336801905 0.1372986812279981
-0.173343299284969 0.14372043027428066
-0.15685104308287773 0.12739175713873652
-0.139729020508498 0.09913560908890498
-0.12179582547345255 0.07612151285873105
-0.1051268188026193 0.07331782179289886
-0.08851241703794058 0.070932256732408
-0.07183332692265901 0.06651026129809984
-0.055533160382046365 0.06984651415937658
-0.04007718370884659 0.08827129036255094
-0.02689733527688157 0.1120638365206128
-0.011411873538914473 0.1238697840627027
-0.008123644791609565 0.12382183443969882
$EndThetaValues
$RotorRadiiValues
0.0 11.476106891136922 11.62003129528067 -1.261453759157296 -1.2169381015892484
0.04161049872304362 11.49627375069669 11.608054895006529 -1.2944944068857849 -1.2613325318710318
0.08322099744608724 11.519585450994889 11.60604978952682 -1.327646156395224 -1.3034189507128726
0.12483149616913086 11.546027930600768 11.60461455823516 -1.3609023842395314 -1.3453719094072834
0.16644199489217448 11.575588451160533 11.60832152452003 -1.3942620618124193 -1.3861009612943616
0.2080524936152181 11.608202231134591 11.610308853902271 -1.4277396705544265 -1.4272429911831208
0.24966299233826172 11.643848503161589 11.610548464273307 -1.46133734138505 -1.4687971965131368
0.29127349106130535 11.682502602684465 11.609037431590634 -1.4950594105957835 -1.510763373824864
0.33288398978434897 11.724148132692745 11.610404483517694 -1.5289093294430107 -1.5520520155350315
0.3744944885073926 11.76871040009091 11.619392554800381 -1.5629009058619472 -1.5915786119867237
0.4161049872304362 11.815864763107959 11.636499346642585 -1.5970833180764301 -1.629367405069821
0.45771548595347983 11.860445524807494 11.651971540071182 -1.6321743863078648 -1.667669456902456
0.49932598467652345 11.91328860960365 11.6559277180908 -1.6665953908186464 -1.7084548081470623
0.5409364833995671 11.969499130772462 11.652877078522259 -1.701108065564894 -1.7507008625057405
0.5825469821226107 12.022617614610574 11.649947884810064 -1.736461813915069 -1.7929262128942556
0.6241574808456543 12.084182446343563 11.650699403792187 -1.771298612472359 -1.8343785299286408
0.6657679795686979 12.148646931766546 11.652122369591412 -1.8062999087965097 -1.8756903414765131
0.7073784782917416 12.216015072393004 11.654233833936262 -1.8414696073051204 -1.916859599663557
0.7489889770147852 12.28629300504165 11.657055106167535 -1.8768117754473193 -1.9578841439521697
0.7905994757378287 12.35948875183129 11.660611926602074 -1.9123306484148055 -1.9987617152165342
0.8322099744608724 12.435328276760815 11.667525373619847 -1.9480519104940002 -2.038965607751505
0.8738204731839161 12.514353829356212 11.672669163561572 -1.9839386827231358 -2.0795445011761338
0.9154309719069597 12.595949210088168 11.68130153877637 -2.0200404696124417 -2.1194512803585543
0.9570414706300032 12.68039072653588 11.690884301525589 -2.0563411196119166 -2.1592091675809932
0.9986519693530469 12.76766940276394 11.70147481546764 -2.0928458253199906 -2.1988171587080303
1.0402624680760906 12.848695174931514 11.711643557660818 -2.1300368485166237 -2.238546998671486
1.0818729667991343 12.941340628543596 11.724320812144834 -2.1669435910566426 -2.2778675062927336
1.1234834655221777 13.03753911946894 11.735367195012689 -2.204035739540614 -2.317529388564732
1.1650939642452214 13.142202498623456 11.727823944840038 -2.2411223308062835 -2.3604659431039354
1.206704462968265 13.23867682535212 11.725159364114422 -2.2788994403694796 -2.4025495839395674
1.2483149616913085 13.345652955039558 11.7366832092002 -2.3166112541950055 -2.4421315276532294
1.2899254604143522 13.454066073983256 11.75529302782528 -2.3546242564903395 -2.4805594166327167
1.3315359591373959 13.56421907371407 11.778466394204687 -2.392921371654009 -2.518355963169354
1.3731464578604395 13.674231544003291 11.809446953015554 -2.4315464377770732 -2.555101612113309
1.4147569565834832 13.784293326790147 11.845667795226372 -2.4704760378425363 -2.591327506831238
1.4563674553065267 13.881863983944152 11.884346347020518 -2.509952977280827 -2.6275073419167025
1.4979779540295703 13.991223722876734 11.928389912248232 -2.5494309939633784 -2.6632883077775804
1.539588452752614 14.102941358334958 11.971782615032215 -2.5891331500701504 -2.69948250132637
1.5811989514756575 14.10120768810498 11.93307554013939 -2.630771238431892 -2.7459094993857214
1.6228094501987012 14.012037468016953 11.872262216654718 -2.673886626089436 -2.7956129552554403
1.6644199489217448 13.899800370125968 11.826542732575072 -2.717637273321582 -2.843795233768465
1.7060304476447885 13.798065095616519 11.789303761683088 -2.7614348023767397 -2.8911195628940205
1.7476409463678322 13.682954341965074 11.757460497615055 -2.805817512082039 -2.9379113680823945
1.7892514450908756 13.568820441010741 11.730671238153256 -2.8505056386022707 -2.984120584532567
1.8308619438139193 13.455654816877345 11.71132962253049 -2.895510553033752 -3.029203939364888
1.872472442536963 13.34495613250672 11.696316602899794 -2.9407929840298315 -3.0736072358375606
1.9140829412600064 13.247531303017249 11.68720764274675 -2.985941494407008 -3.1169567534551526
1.9556934399830501 13.143188229272367 11.674795622681403 -3.0316810466505206 -3.1609946229666157
1.9973039387060938 13.041732051550317 11.666195992094703 -3.077667323131147 -3.20432823527811
2.0389144374291375 12.943309359615748 11.661232919349874 -3.1238889527398213 -3.2469493667623013
2.080524936152181 12.84854553496116 11.654713607220046 -3.1703072085590147 -3.2899061222369443
2.122135434875225 12.757021156061287 11.649146498208635 -3.2169324806809514 -3.33268367646069
2.1637459335982685 12.67732016270622 11.645648713741707 -3.263232095153578 -3.375035916591632
2.2053564323213117 12.592160428808393 11.636809552756004 -3.3102132338318877 -3.4185511910210353
2.2469669310443554 12.509971071901195 11.628877764176105 -3.3573922242455456 -3.461909656134602
2.288577429767399 12.430845272760116 11.617068392694316 -3.4047563072806213 -3.5061951588872895
2.3301879284904428 12.354469733644422 11.603952734908818 -3.452323528812194 -3.5508867711533307
2.3717984272134864 12.28754677672784 11.583833812931086 -3.499513266371297 -3.597477530290367
2.41340892593653 12.221735622987204 11.561189288581724 -3.546973317801543 -3.645126784975549
2.455019424659574 12.184144189527114 11.540778399507179 -3.592101795865937 -3.6926651764594443
2.496629923382617 12.186669983130708 11.5231632823306 -3.6334716615601534 -3.7398580347108155
2.5382404221056607 12.23930650082986 11.515215830720052 -3.6702056753468573 -3.784160282096521
2.5798509208287044 12.313219949421413 11.522429592992921 -3.7053834511873114 -3.823322609535223
2.621461419551748 12.386121090190176 11.544675015535242 -3.7410777605979435 -3.8579346350182764
2.6630719182747917 12.466620381452062 11.56001483917354 -3.7765992854394517 -3.8951173452207293
2.7046824169978354 12.548722672857206 11.568417440750899 -3.8124328037537607 -3.934417081773151
2.746292915720879 12.633702222139073 11.575590600715952 -3.8484813710347257 -3.9741124162581807
2.7879034144439228 12.721491516815272 11.579306900537098 -3.884752249665204 -4.014750227650985
2.8295139131669664 12.812464598071893 11.581629266832824 -3.921227856251982 -4.055759367510895
2.8711244118900097 12.897246621872963 11.583515866655564 -3.958388979080821 -4.09688492892255
2.9127349106130533 12.995106380157468 11.589565451402002 -3.99523605976427 -4.136961424271389
2.954345409336097 13.096454559512198 11.59433271371836 -4.032302823746111 -4.177384801535351
2.9959559080591407 13.201659921914075 11.602346009616166 -4.069585012335982 -4.2170407320001635
3.0375664067821844 13.310629720625645 11.613829241319813 -4.107099814774883 -4.25593387672075
3.079176905505228 13.423281618090277 11.626671889707639 -4.144862377659708 -4.2946125470732985
3.1207874042282717 13.52811948944572 11.636574861236358 -4.183222018749063 -4.334033346385502
3.162397902951315 13.647337991305719 11.657309906344057 -4.221498824535166 -4.371240351585584
3.2040084016743586 13.769720777401892 11.680102082754985 -4.260065454564031 -4.408263424205678
3.2456189003974023 13.895197094245356 11.705113240207192 -4.2989300208801 -4.445106557390224
3.287229399120446 14.007723237632149 11.737870469031646 -4.33838370885357 -4.4808395470468865
3.3288398978434897 14.134268241988982 11.776211704414436 -4.377896854430204 -4.516024116504116
3.3704503965665333 14.256972701504482 11.826348430811304 -4.417790179248354 -4.549854608490744
3.412060895289577 14.363173486306795 11.879269690367993 -4.458155490466048 -4.583896151335036
3.4536713940126207 14.433669700105298 11.936384961717152 -4.499058836531126 -4.617960552594477
3.4952818927356644 14.47407205932877 11.987399827110572 -4.540306023733921 -4.653299049721149
3.5368923914587076 14.498235249962619 12.035448625278491 -4.581713651575624 -4.689355249708027
3.5785028901817513 14.481864297625586 12.071556599350608 -4.623460425789072 -4.726994448760802
3.620113388904795 14.47615975965645 12.112414651816835 -4.665119567901493 -4.764302788836868
3.6617238876278386 14.444440642123526 12.145189456234325 -4.707011509799168 -4.8025987371881715
3.7033343863508823 14.41174577321036 12.178419310990103 -4.748931710523699 -4.840964496414726
3.744944885073926 14.393089504531924 12.212981619181248 -4.790727923598998 -4.879316563322953
3.7865553837969697 14.430334606591954 12.269602790159027 -4.831974173409375 -4.915827892993069
3.828165882520013 14.404781969212518 12.308365026003337 -4.873831760591988 -4.954106999695557
3.8697763812430566 14.356015644011865 12.338823781913622 -4.9159480481343465 -4.993184942656251
3.9113868799661002 14.296137824535037 12.365531625138217 -4.958241909891004 -5.032633619669168
3.952997378689144 14.289207291793483 12.414219656886164 -4.999935996932572 -5.07043780408234
3.9946078774121876 14.249219367019538 12.450458073623253 -5.04204720989294 -5.109322626533385
4.036218376135231 14.177951796056703 12.474505182926482 -5.084629034684244 -5.149172646617255
4.077828874858275 14.085235453194056 12.479576648203809 -5.127658310287185 -5.190416644549284
4.119439373581319 14.044949928567167 12.517470756464398 -5.169941344445421 -5.229339907095012
4.161049872304362 13.965412264700836 12.539955954186787 -5.21298219703628 -5.269397528988604
4.202660371027406 13.86556326019094 12.505179903441267 -5.256586904746224 -5.3134227157979845
4.24427086975045 13.755474365381868 12.483907240206166 -5.30066327822425 -5.356546979074576
4.285881368473493 13.64370214502096 12.468450394844705 -5.345078467590337 -5.399275365645981
4.327491867196537 13.534166116858662 12.45483446908192 -5.389748285802913 -5.441883407525704
4.36910236591958 13.439229434376358 12.4420637566122 -5.434273304893819 -5.484440611520112
4.4107128646426235 13.340589172794012 12.42353662182464 -5.479185708667504 -5.527443986300243
4.452323363365667 13.243813755492567 12.406548076448441 -5.5243228556675446 -5.5703523448371595
4.493933862088711 13.155114557674763 12.382756680303803 -5.569430970819151 -5.613814507905489
4.5355443608117545 13.070857792733733 12.356200965606167 -5.614613592809435 -5.657540246672841
4.577154859534798 12.990725652500327 12.326845491220789 -5.659861126589367 -5.701550687355824
4.618765358257842 12.922343420217064 12.282357450202454 -5.704771440216813 -5.746927888512274
4.6603758569808855 12.86946615294876 12.229456868405855 -5.749064188310255 -5.793234073469333
4.701986355703929 12.807500509830444 12.176113090436234 -5.793970601836043 -5.839838036510223
4.743596854426973 12.727908935724118 12.156021667531016 -5.840070577793079 -5.883401520930602
4.7852073531500166 12.652108806194821 12.133218984252862 -5.88624329232701 -5.927279263921402
4.82681785187306 12.575994677170334 12.115553568380157 -5.932738907696473 -5.970684700250088
4.868428350596104 12.503590916979414 12.095146248550439 -5.9793027913881 -6.01441222679739
4.910038849319148 12.432938170150404 12.075902827139418 -6.026060255931562 -6.058063375311676
4.951649348042191 12.364108214894577 12.05779493081554 -6.073009952436497 -6.1016350123163425
4.993259846765234 12.306958043889825 12.034408281821298 -6.119319728333938 -6.145839613363856
5.034870345488278 12.241589230007115 12.018426182131227 -6.166629893538876 -6.189264302218125
5.076480844211321 12.179570523886847 11.999731165631223 -6.214000549138614 -6.233041526759898
5.118091342934365 12.119469956599447 11.982118444586144 -6.261557290520072 -6.276739121722355
5.159701841657409 12.061363165333615 11.96556188402098 -6.309297843548562 -6.320353847809862
5.201312340380452 12.005324024012396 11.950035960798433 -6.357219665476746 -6.363882614365614
5.242922839103496 11.951424749197589 11.935515946174355 -6.4053199549009925 -6.407322470528361
5.28453333782654 11.900631042401585 11.918371095357648 -6.453476216115529 -6.4511389258217395
5.3261438365495835 11.850327149832577 11.909399761776735 -6.502043503069343 -6.493924285819657
5.367754335272627 11.799377646710681 11.915713692670817 -6.551262945137767 -6.534706430078361
5.409364833995671 11.750559268563839 11.926694370269825 -6.600797826862002 -6.574893161242883
5.4509753327187145 11.704745805352696 11.938802140660236 -6.650531175296696 -6.614957876856948
5.492585831441758 11.663407188657828 11.94451867693923 -6.700176522962537 -6.655847119032609
5.534196330164802 11.626998991905959 11.939876324631266 -6.749558687579317 -6.698042929999426
5.5758068288878455 11.593334624965857 11.936131481622544 -6.799093220863483 -6.740128197766442
5.617417327610889 11.561412780104796 11.940870946611433 -6.8490730252279555 -6.78113822368448
5.659027826333933 11.53257797160814 11.946611834263853 -6.899211845806258 -6.822026369843273
5.700638325056976 11.506908000579879 11.953388898225915 -6.9495083886918625 -6.862791077131072
5.742248823780019 11.484873794531662 11.957314591752025 -6.999796507465852 -6.903915028864885
5.783859322503063 11.466396591533291 11.958322733642595 -7.050061421636892 -6.945400976357419
5.825469821226107 11.462125178390734 11.929398663742045 -7.0939381233906 -6.990650727761553
5.86708031994915 11.473428280612781 11.893005666280638 -7.1297946013614 -7.037045671107202
5.908690818672194 11.49641659954193 11.85651714145279 -7.161518826348711 -7.0837064913388685
5.950301317395238 11.518325126090106 11.819738195866853 -7.195153803873154 -7.1306949778278215
5.991911816118281 11.521188079281842 11.786893673912372 -7.235797884402167 -7.177383071620959
6.033522314841325 11.523657099068274 11.755463495451105 -7.276587023569917 -7.224127627191771
6.075132813564369 11.528313991819314 11.725242538143556 -7.316677315432791 -7.270963127663354
6.116743312287412 11.52479087102303 11.69701520285726 -7.359434482411884 -7.3177461567479885
6.158353811010456 11.506404566806648 11.671458634095575 -7.407407561826062 -7.364319491693155
6.1999643097335 11.485361225397325 11.65060585289767 -7.457303689890548 -7.410205033241774
6.241574808456543 11.476057085039637 11.627222817101067 -7.50305169556623 -7.456887058451763
6.283185307179586 11.476093340870426 11.62241417274468 -7.544645357402562 -7.499581015049834
$EndRotorRadiiValues
