$SimulationHeader
$EndSimulationHeader
$Dimensions
4.1
16.2
24.0
-4.0
15.0
$EndDimensions
$DrawingSource
./DrawingImages/small circle.jpg
$EndDrawingSource
$DataCount
97
$EndDataCount
$XYCoordinates
18.647058823529413 26.0
18.176470588235297 25.529411764705884
17.705882352941178 25.529411764705884
17.235294117647058 25.058823529411764
16.764705882352942 25.058823529411764
16.294117647058822 24.58823529411765
15.823529411764707 24.117647058823533
15.352941176470589 24.117647058823533
15.352941176470589 23.647058823529413
14.882352941176471 23.176470588235297
14.411764705882355 22.705882352941178
14.411764705882355 22.23529411764706
13.941176470588236 21.764705882352942
13.941176470588236 21.294117647058822
13.47058823529412 20.823529411764703
13.47058823529412 20.352941176470587
13.47058823529412 19.88235294117647
13.47058823529412 19.411764705882355
13.47058823529412 18.941176470588236
13.0 18.470588235294116
13.47058823529412 18.0
13.47058823529412 17.529411764705884
13.47058823529412 17.058823529411768
13.47058823529412 16.58823529411765
13.47058823529412 16.11764705882353
13.941176470588236 15.647058823529413
13.941176470588236 15.176470588235295
14.411764705882355 14.705882352941178
14.411764705882355 14.235294117647058
14.882352941176471 13.764705882352942
15.352941176470589 13.294117647058826
15.352941176470589 12.823529411764707
15.823529411764707 12.823529411764707
16.294117647058822 12.352941176470589
16.764705882352942 11.882352941176471
17.235294117647058 11.882352941176471
17.705882352941178 11.411764705882355
18.176470588235297 11.411764705882355
18.647058823529413 10.941176470588236
19.11764705882353 10.941176470588236
19.58823529411765 10.941176470588236
20.058823529411764 10.941176470588236
20.529411764705884 10.941176470588236
21.0 10.941176470588236
21.470588235294116 10.941176470588236
21.941176470588236 10.941176470588236
22.411764705882355 10.941176470588236
22.88235294117647 10.941176470588236
23.352941176470587 10.941176470588236
23.823529411764703 11.411764705882355
24.294117647058822 11.411764705882355
24.764705882352942 11.882352941176471
25.235294117647058 11.882352941176471
25.70588235294118 12.352941176470589
26.176470588235297 12.823529411764707
26.647058823529413 12.823529411764707
26.647058823529413 13.294117647058826
27.11764705882353 13.764705882352942
27.588235294117645 14.235294117647058
27.588235294117645 14.705882352941178
28.058823529411768 15.176470588235295
28.058823529411768 15.647058823529413
28.529411764705884 16.11764705882353
28.529411764705884 16.58823529411765
28.529411764705884 17.058823529411768
28.529411764705884 17.529411764705884
28.529411764705884 18.0
28.529411764705884 18.470588235294116
28.529411764705884 18.941176470588236
28.529411764705884 19.411764705882355
28.529411764705884 19.88235294117647
28.529411764705884 20.352941176470587
28.529411764705884 20.823529411764703
28.058823529411768 21.294117647058822
28.058823529411768 21.764705882352942
27.588235294117645 22.23529411764706
27.588235294117645 22.705882352941178
27.11764705882353 23.176470588235297
26.647058823529413 23.647058823529413
26.647058823529413 24.117647058823533
26.176470588235297 24.117647058823533
25.70588235294118 24.58823529411765
25.235294117647058 25.058823529411764
24.764705882352942 25.058823529411764
24.294117647058822 25.529411764705884
23.823529411764703 25.529411764705884
23.352941176470587 26.0
22.88235294117647 26.0
22.411764705882355 26.0
21.941176470588236 26.0
21.470588235294116 26.0
21.0 26.0
20.529411764705884 26.0
20.058823529411764 26.0
19.58823529411765 26.0
19.11764705882353 26.0
19.11764705882353 26.0
$EndXYCoordinates
$RawThetaValues
-1.1362591868107135 1.7647571871240597 -0.10808675626012608 0.13248952339489412
-1.1516117908957173 1.804119748147797 -0.0858324158259496 0.1000286987203294
-1.1467477498855239 1.8310357002535074 -0.06601802286640145 0.09779118058436062
-1.160311686742705 1.8697329067770048 -0.04466145158231658 0.06688660848776691
-1.154256113243 1.8964708111778734 -0.02499584424678065 0.06586988492213913
-1.1661071863749422 1.934785465191098 -0.004367061368942406 0.036332940654810485
-1.176967803108549 1.9728489880725164 0.015668213346795547 0.007444075755523286
-1.169052871613683 1.9996345290813629 0.03527882981530557 0.008184082710052795
-1.186855173167766 2.010764480706986 0.03515432517164485 -0.020872675113313796
-1.195777004847869 2.048628863700558 0.054128607389963175 -0.04868460756867053
-1.2037323250695475 2.086534945109283 0.07262248817129639 -0.07605212841774124
-1.2209667253965062 2.0968618176305216 0.07082214593172499 -0.10541374350550943
-1.2277003161483837 2.134796183880697 0.08830718041922102 -0.13259666602006628
-1.2446840098397147 2.144603631384034 0.08534508362485149 -0.16234990400910393
-1.2501881742166432 2.1827567644981194 0.10181278820141469 -0.18953949692355457
-1.2669559145570046 2.1921098778888473 0.09763517455069884 -0.2198379643053599
-1.2837567457863495 2.2010511863167026 0.09280616471197789 -0.25040911380128106
-1.3006040419996274 2.209574450291707 0.0873103384189039 -0.2812755002826373
-1.3175113551609003 2.217672028366984 0.08113123586002809 -0.31245949407806295
-1.3211143861715775 2.2563131671971344 0.09454192238991305 -0.3412929773890057
-1.3515615156257577 2.2325523762832975 0.06665244222526026 -0.3758687960940018
-1.3687329320962829 2.239312558812743 0.058315073436418265 -0.40813776388281453
-1.3860216291196437 2.2456017807101745 0.0492192028624256 -0.44081155337759953
-1.4034430001359433 2.2514047965959225 0.03934400707824935 -0.4739111360638235
-1.4210129939486558 2.2567046621309808 0.02866803190490285 -0.5074569705849403
-1.4530895539896271 2.2276951463220462 -0.0025261286493549343 -0.541718175371235
-1.471278582749035 2.2313889993118794 -0.01472010819398212 -0.5757950366651031
-1.5037194596205092 2.2000416693531 -0.04687553400374362 -0.6090440093875599
-1.522566686258431 2.2020331254532075 -0.06054981323971054 -0.6435569713615558
-1.5552903307744692 2.1683716247339775 -0.09349518982969975 -0.6755644917483533
-0.12651990044995912 -0.7062896405252583 4.69541842235458 2.1335955088400858
-0.1421359386578993 -0.7409184338371229 4.675464179824977 2.132654021414407
-0.15955929939901564 -0.7356739011376919 4.663263349308571 2.0977852974574542
-0.19255340132848403 -0.7636668818084967 4.631504911808498 2.0610257386987167
-0.22544746253391024 -0.7902266743169061 4.600217989341919 2.0234045475351214
-0.24172353499713412 -0.7823266511389243 4.590495799789069 1.9895062623410662
-0.2739861512726836 -0.8063884780745985 4.560602756738222 1.9514124299503433
-0.2896988706212145 -0.7970792675760653 4.552557551963498 1.918345295328556
-0.32133128263442673 -0.8187196861736928 4.5241648706446655 1.879960620594138
-0.336554238790896 -0.8081153352503235 4.517764062713696 1.8477325055833307
-0.3517471154201238 -0.7971854870959288 4.512120421411934 1.8159661394979458
-0.36692192564451453 -0.7859358686015198 4.507208022594568 1.78462931196178
-0.3820903885388009 -0.7743709050058462 4.50300272217108 1.7536905850483315
-0.39726400444922033 -0.7624937665769493 4.499482123468507 1.723119232006443
-0.41245412834864104 -0.7503064026459223 4.496625545225043 1.6928851659325308
-0.42767204221596866 -0.7378095632354517 4.4944139918840875 1.6629588593137772
-0.44292902745462814 -0.7250028083026215 4.492830127684725 1.6333112549429247
-0.4582364384156256 -0.711884504376624 4.491858255934755 1.6039136683059598
-0.47360577816993576 -0.6984518081096478 4.491484304804351 1.57473768115427
-0.4766272226832028 -0.6585067701901397 4.511653788227015 1.5519406821441593
-0.4924375742784777 -0.64478479523894 4.512315650347904 1.5230702177185729
-0.49690590795886685 -0.6050888100708126 4.533229607702973 1.4998198562251253
-0.5131812218144868 -0.5909726451652301 4.534908025201518 1.4711067949624679
-0.5190860913475621 -0.5513093330606151 4.556611220294715 1.4472418084179746
-0.5260522436581867 -0.5116349244598678 4.578694985157641 1.4226850123695294
-0.5432279708563406 -0.49682674033798585 4.58186903832747 1.3938751542193226
-0.5340845593334865 -0.471853932808259 4.601205646932184 1.397382366817163
-0.5431972792987336 -0.43186414549631813 4.624195729513941 1.371269942121732
-0.5534152859614104 -0.39155419068181374 4.647725517079668 1.3442717682102783
-0.5460537213669898 -0.3664193045084861 4.66711830472659 1.345891234278293
-0.5581047935204037 -0.3255846216612921 4.691326902184937 1.3172140767360316
-0.5518883579826658 -0.3001536175160385 4.710879155806021 1.3175517617496
-1.5472245565144338 1.2869971380921559 -0.5658731627366675 -0.25850220375346394
-1.527411489834462 1.2859735683029987 -0.5608549491444454 -0.23264735369211292
-1.507462469554768 1.2843307899867118 -0.5563260825301206 -0.20652668848180716
-1.4873643261254645 1.2820543044336763 -0.5522994186959543 -0.18012539566530208
-1.4671021989428956 1.2791274900275702 -0.5487891025431445 -0.15342613792381707
-1.4466593026245067 1.2755312319759273 -0.5458108262797445 -0.12640870729038517
-1.4260166399025072 1.271243475511204 -0.5433821407111692 -0.0990496025350871
-1.4051526462963773 1.2662386809042911 -0.5415228343426223 -0.07132150795349734
-1.3840427465764358 1.2604871510711448 -0.5402554001847176 -0.04319264424250503
-1.3626587956940681 1.2539541917802106 -0.539605617503681 -0.014625951388166521
-1.340968366211525 1.246599048841215 -0.5396032864129935 0.014421952124059494
-1.3261388682639186 1.2716938439170014 -0.5170956443521785 0.026664297056694725
-1.3040649293499431 1.2630271151731778 -0.5180565237957165 0.056444085270955846
-1.2885734024979747 1.28689255955848 -0.49627787039567023 0.06984882113766841
-1.266067626908018 1.2768304461378874 -0.49827429164859616 0.10042028889529168
-1.2499292053909636 1.2994188390369243 -0.4772726440759502 0.1149719650859551
-1.2332086319490045 1.3211937728003913 -0.4567447533162262 0.1304454955241711
-1.210147428082119 1.3091146889232816 -0.46021892948279863 0.16211160710159397
-1.2159253088544217 1.3421500904631078 -0.43669667749135355 0.1468205767809102
-1.1980969007830318 1.3622802490782375 -0.41713655666530286 0.16407894706322101
-1.1797393774652314 1.3815745247510736 -0.3980744643907424 0.18220428698274596
-1.1837368016515966 1.413346965464512 -0.3752532868390761 0.16925559963460857
-1.164447085076015 1.431554272319222 -0.35677262164428253 0.18881867455027393
-1.1672508144270128 1.4624771675262018 -0.33444310675675715 0.17742156487982136
-1.147094524084207 1.4796093017346825 -0.3165339286246345 0.1983548991462692
-1.1487922726883233 1.509778560555468 -0.29461942822511733 0.1884023921208845
-1.1498061045191594 1.5394744497877355 -0.27302263346575706 0.1792894658171412
-1.1501672767117828 1.5687468018805697 -0.25170672592438603 0.17097184907305488
-1.1499024414067405 1.5976384259888126 -0.23063961603119448 0.16341217016304574
-1.149034487739585 1.6261862978533177 -0.20979312307611167 0.1565787449207788
-1.1475832055195532 1.6544224873600173 -0.18914233499472238 0.15044462571550055
-1.1455658158539042 1.6823748901028392 -0.16866510269826387 0.14498684493478578
-1.142997401037522 1.7100678103263645 -0.1483416366401151 0.14018580558579188
-1.1398912571729323 1.7375224296709522 -0.1281541821539119 0.13602478459199682
-1.1398912571729323 1.7375224296709522 -0.1281541821539119 0.13602478459199682
$EndRawThetaValues
$ThetaValues
-0.10808675626012608 0.13248952339489412
-0.0858324158259496 0.1000286987203294
-0.06601802286640145 0.09779118058436062
-0.04466145158231658 0.06688660848776691
-0.02499584424678065 0.06586988492213913
-0.004367061368942406 0.036332940654810485
0.015668213346795547 0.007444075755523286
0.03527882981530557 0.008184082710052795
0.03515432517164485 -0.020872675113313796
0.054128607389963175 -0.04868460756867053
0.07262248817129639 -0.07605212841774124
0.07082214593172499 -0.10541374350550943
0.08830718041922102 -0.13259666602006628
0.08534508362485149 -0.16234990400910393
0.10181278820141469 -0.18953949692355457
0.09763517455069884 -0.2198379643053599
0.09280616471197789 -0.25040911380128106
0.0873103384189039 -0.2812755002826373
0.08113123586002809 -0.31245949407806295
0.09454192238991305 -0.3412929773890057
0.06665244222526026 -0.3758687960940018
0.058315073436418265 -0.40813776388281453
0.0492192028624256 -0.44081155337759953
0.03934400707824935 -0.4739111360638235
0.02866803190490285 -0.5074569705849403
-0.0025261286493549343 -0.541718175371235
-0.01472010819398212 -0.5757950366651031
-0.04687553400374362 -0.6090440093875599
-0.06054981323971054 -0.6435569713615558
-0.09349518982969975 -0.6755644917483533
-0.12651990044995912 -0.7062896405252583
-0.1421359386578993 -0.7409184338371229
-0.15955929939901564 -0.7356739011376919
-0.19255340132848403 -0.7636668818084967
-0.22544746253391024 -0.7902266743169061
-0.24172353499713412 -0.7823266511389243
-0.2739861512726836 -0.8063884780745985
-0.2896988706212145 -0.7970792675760653
-0.32133128263442673 -0.8187196861736928
-0.336554238790896 -0.8081153352503235
-0.3517471154201238 -0.7971854870959288
-0.36692192564451453 -0.7859358686015198
-0.3820903885388009 -0.7743709050058462
-0.39726400444922033 -0.7624937665769493
-0.41245412834864104 -0.7503064026459223
-0.42767204221596866 -0.7378095632354517
-0.44292902745462814 -0.7250028083026215
-0.4582364384156256 -0.711884504376624
-0.47360577816993576 -0.6984518081096478
-0.4766272226832028 -0.6585067701901397
-0.4924375742784777 -0.64478479523894
-0.49690590795886685 -0.6050888100708126
-0.5131812218144868 -0.5909726451652301
-0.5190860913475621 -0.5513093330606151
-0.5260522436581867 -0.5116349244598678
-0.5432279708563406 -0.49682674033798585
-0.5340845593334865 -0.471853932808259
-0.5431972792987336 -0.43186414549631813
-0.5534152859614104 -0.39155419068181374
-0.5460537213669898 -0.3664193045084861
-0.5581047935204037 -0.3255846216612921
-0.5518883579826658 -0.3001536175160385
-0.5658731627366675 -0.25850220375346394
-0.5608549491444454 -0.23264735369211292
-0.5563260825301206 -0.20652668848180716
-0.5522994186959543 -0.18012539566530208
-0.5487891025431445 -0.15342613792381707
-0.5458108262797445 -0.12640870729038517
-0.5433821407111692 -0.0990496025350871
-0.5415228343426223 -0.07132150795349734
-0.5402554001847176 -0.04319264424250503
-0.539605617503681 -0.014625951388166521
-0.5396032864129935 0.014421952124059494
-0.5170956443521785 0.026664297056694725
-0.5180565237957165 0.056444085270955846
-0.49627787039567023 0.06984882113766841
-0.49827429164859616 0.10042028889529168
-0.4772726440759502 0.1149719650859551
-0.4567447533162262 0.1304454955241711
-0.46021892948279863 0.16211160710159397
-0.43669667749135355 0.1468205767809102
-0.41713655666530286 0.16407894706322101
-0.3980744643907424 0.18220428698274596
-0.3752532868390761 0.16925559963460857
-0.35677262164428253 0.18881867455027393
-0.33444310675675715 0.17742156487982136
-0.3165339286246345 0.1983548991462692
-0.29461942822511733 0.1884023921208845
-0.27302263346575706 0.1792894658171412
-0.25170672592438603 0.17097184907305488
-0.23063961603119448 0.16341217016304574
-0.20979312307611167 0.1565787449207788
-0.18914233499472238 0.15044462571550055
-0.16866510269826387 0.14498684493478578
-0.1483416366401151 0.14018580558579188
-0.1281541821539119 0.13602478459199682
-0.1281541821539119 0.13602478459199682
$EndThetaValues
$RotorRadiiValues
0.0 11.469743086269265 11.792630593456352 -1.26450770162472 -1.184564188227524
0.06544984694978735 11.495623838983585 11.750517121417314 -1.3185888161615489 -1.25688998565051
0.1308996938995747 11.497618110722795 11.71502290019272 -1.383259787748815 -1.328567995093288
0.19634954084936207 11.52791360058353 11.678915144978111 -1.438023306757204 -1.4008374606060836
0.2617993877991494 11.528997012036882 11.647669339461197 -1.5031239902214382 -1.4726600652446922
0.32724923474893675 11.562859415908166 11.616988079363892 -1.5585038929576807 -1.5448854675015684
0.39269908169872414 11.600398464352235 11.589270949210523 -1.6142543704741101 -1.6169995482313957
0.4581489286485115 11.5993829267827 11.564152761972512 -1.6799506872401277 -1.6890469653990738
0.5235987755982988 11.641364468024252 11.564305907608682 -1.7358064603580283 -1.754454703630301
0.5890486225480862 11.6855450173615 11.541905984531892 -1.7922436478559158 -1.8263529338657671
0.6544984694978735 11.73275951669165 11.521904603710482 -1.8490005960504445 -1.898145042586744
0.7199483164476609 11.787447977632597 11.523771794526956 -1.9053315428122808 -1.9629751344734618
0.7853981633974483 11.841711846470291 11.50637052640581 -1.962542071865711 -2.0344643558044258
0.8508480103472356 11.905004975499757 11.509203236161259 -2.0192092915064515 -2.098887975001339
0.916297857297023 11.966308243591387 11.494053064299095 -2.076858607533234 -2.1700583333979906
0.9817477042468102 12.038397350910738 11.497758164027179 -2.1338799755949727 -2.234053517335381
1.0471975511965976 12.11503539703534 11.502158235658571 -2.191117570234682 -2.2978247667598364
1.112647398146385 12.196241171404544 11.507318566823955 -2.2485829343699906 -2.36136809382249
1.1780972450961724 12.282032803223782 11.513314115448173 -2.3062878578613955 -2.4246794575793422
1.2435470920459597 12.364572736324003 11.50056219668965 -2.3648705208609293 -2.494777308047654
1.308996938995747 12.467437463981822 11.52816263869189 -2.4224647309981355 -2.5505902731819186
1.3744467859455345 12.56707505020627 11.537219338927764 -2.480961416196415 -2.6131820250287947
1.4398966328953218 12.671345358260554 11.547519967570205 -2.5397471012535244 -2.6755266015938104
1.505346479845109 12.780248039939913 11.559197038570726 -2.5988346381521534 -2.7376209105635336
1.5707963267948966 12.893775233941428 11.572396382514757 -2.6582370263906223 -2.7994623811954025
1.6362461737446838 13.012786629139182 11.61435531499331 -2.717926982332157 -2.8544913913006784
1.7016960206944711 13.134010051717572 11.6321162214565 -2.7780644471214684 -2.915920509768603
1.7671458676442584 13.254822557442324 11.682553859526992 -2.8387292873833534 -2.9709217985302887
1.832595714594046 13.382659997704298 11.705563970623906 -2.899625147066768 -3.031999800781799
1.8980455615438332 13.503241546018945 11.764751505095811 -2.961223850401438 -3.087103616580007
1.9634954084936205 13.620659313447026 11.829282557517917 -3.0233099548150464 -3.142463739379733
2.028945255443408 13.754761297952767 11.861566005382898 -3.0853545784248855 -3.2032459456819753
2.0943951023931953 13.73433922738791 11.89889852995009 -3.151294107618299 -3.2635693321592445
2.1598449493429825 13.843776261770216 11.97330293768612 -3.2142368490911752 -3.3195546626659542
2.22529479629277 13.948535890371248 12.05217038180471 -3.2775484459021964 -3.3758979344804603
2.290744643242557 13.917287440894375 12.09287163626526 -3.343610034221796 -3.4369674500799965
2.356194490192345 14.012683316418677 12.176724886279489 -3.407260153755135 -3.493987340912363
2.421644337142132 13.975699102100345 12.219050095568061 -3.473383892510212 -3.555455629427893
2.4870941840919194 14.061814771154834 12.307106890290697 -3.5373104141788314 -3.6131414938834916
2.5525440310417067 14.019554135349065 12.350800957780937 -3.6034877807994086 -3.6749764561521014
2.617993877991494 13.976120563046376 12.395236251227951 -3.6697255851636195 -3.7368982260103323
2.6834437249412812 13.931554653049789 12.440424944357078 -3.7360270958837 -3.798904243319024
2.748893571891069 13.885893137840092 12.48638090062602 -3.8023957437418217 -3.860992193532261
2.8143434188408563 13.839169203846458 12.533119694383087 -3.868835137358416 -3.923159989658688
2.8797932657906435 13.791412777090276 12.580658656491696 -3.9353490810190976 -3.985405756425446
2.945243112740431 13.7426507778309 12.629016944348692 -4.001941594862389 -4.0477278164762
3.010692959690218 13.692907347414385 12.678215636876427 -4.068616937695017 -4.110124678460812
3.0761428066400054 13.642204050142709 12.728277855741794 -4.135379632773645 -4.172595026900036
3.141592653589793 13.590560052636686 12.779228914777372 -4.202234496974922 -4.235137713734495
3.2070425005395804 13.438748920583151 12.789324489224812 -4.272228835863229 -4.300026001421524
3.2724923474893677 13.387250831151109 12.842566424185998 -4.339367466811515 -4.362590755796052
3.337942194439155 13.240326555396152 12.857737954200141 -4.410074298566264 -4.427241466882042
3.4033920413889422 13.188860734413577 12.913449797708175 -4.477527546960818 -4.489841121054546
3.4688418883387295 13.046627548488575 12.933834644159294 -4.548985560853387 -4.554280371759584
3.534291735288517 12.908126625921911 12.957998570572252 -4.6210075236932155 -4.618554059300521
3.5997415822383045 12.857468682889682 13.01809889166666 -4.689054951029273 -4.681178240189072
3.665191429188092 12.773387267173858 12.986013380704355 -4.759063582445647 -4.7481191674386904
3.730641276137879 12.64246445766747 13.017990846994731 -4.832278848714033 -4.8120828891327525
3.7960911230876664 12.515443114147837 13.05408776464486 -4.906133193064506 -4.875901686102111
3.8615409700374537 12.438915499389037 13.028056320475963 -4.977114268274679 -4.942522864088363
3.926990816987241 12.319230484121285 13.070737999672769 -5.052020111810464 -5.006065308048989
3.9924406639370287 12.24773747838697 13.048677653481366 -5.123648479565208 -5.07249259111457
4.057890510886816 12.135961457162091 13.098433713145488 -5.1996868171900426 -5.135762940052062
4.123340357836603 12.070040228030038 13.080526680114469 -5.2719954028982325 -5.201986833120166
4.1887902047863905 12.006243688832726 13.064416495708347 -5.34459051987899 -5.268142960404501
4.254240051736178 11.944714501419957 13.05013354877622 -5.417476727887953 -5.334226919884922
4.319689898685965 11.885600690288252 13.037713752957574 -5.490658750897193 -5.400234292462063
4.385139745635753 11.82905671644044 13.027199639971796 -5.564141554934266 -5.466160617966422
4.45058959258554 11.775244788119478 13.018641656522817 -5.637930445008879 -5.532001365452819
4.516039439535327 11.72433647092081 13.012099723135542 -5.712031186558658 -5.597751896514027
4.581489286485114 11.676514681510131 13.007645133739434 -5.786450158751075 -5.6634074198954885
4.646939133434902 11.631976180005676 13.00536290396599 -5.861194549695353 -5.728962935051469
4.71238898038469 11.590934720626887 13.00535471835265 -5.93627260756249 -5.794413161357195
4.7778388273344765 11.574940071557899 12.926953119721892 -6.005829936393965 -5.863616571461409
4.843288674284264 11.53930239986192 12.930273869072016 -6.081384058767492 -5.928902464471643
4.908738521234051 11.524788455333189 12.855602287117017 -6.151430484859433 -5.998149681984118
4.974188368183839 11.495277597322163 12.862394879965937 -6.2274637166058735 -6.063244345645089
5.0396382151336265 11.482999085193535 12.791484369930394 -6.297995255971814 -6.132502183624597
5.105088062083413 11.471203694142233 12.723369044465558 -6.368876329620184 -6.201826943592714
5.170537909033201 11.451143726221806 12.73481182571208 -6.445517631533704 -6.266610381420747
5.235987755982988 11.460143957060405 12.658033002630411 -6.505551520262482 -6.336656557548174
5.301437602932776 11.450079115229501 12.595460939248234 -6.577115587464657 -6.406078926368228
5.3668874498825625 11.441274900938174 12.535637345062764 -6.649012377404986 -6.475531005252396
5.43233729683235 11.447379681116594 12.4655704314273 -6.7098540783869804 -6.5459412815704425
5.497787143782138 11.438514079214256 12.410113282546746 -6.782270314068988 -6.6155420958677755
5.563236990731925 11.443421911308373 12.344691423869229 -6.843658487200683 -6.686165973665038
5.6286868376817125 11.434960091818475 12.293512215555083 -6.916574521895427 -6.7558897907277915
5.694136684631499 11.43868069488871 12.232500082049818 -6.978471357177167 -6.826718068192573
5.759586531581287 11.442568347268676 12.174160715659978 -7.040673122920052 -6.8976262021197865
5.825036378531074 11.446517329557732 12.118372863084096 -7.103163242380712 -6.968614457972144
5.890486225480862 11.450437548773271 12.065035504209806 -7.165927517901552 -7.039682855363337
5.955936072430649 11.454251987099115 12.014064412165025 -7.228953745989574 -7.110831185461641
6.021385919380436 11.457894738018032 11.965389444946087 -7.292231413695981 -7.182059021663214
6.086835766330224 11.461309482468053 11.918952382245415 -7.355751455880311 -7.2533657252915935
6.152285613280011 11.464448299944893 11.874705174027318 -7.419506058696622 -7.3247504475741785
6.2177354602297985 11.467270738329363 11.832608503631931 -7.483488498584657 -7.396212128809014
6.283185307179586 11.467270738329363 11.832608503631931 -7.548938345534444 -7.461661975758802
$EndRotorRadiiValues
