$SimulationHeader
$EndSimulationHeader
$Dimensions
4.1
16.2
24.0
-4.0
15.0
$EndDimensions
$DrawingSource
./DrawingImages/TulipTest.jpg
$EndDrawingSource
$DataCount
355
$EndDataCount
$XYCoordinates
19.37077625570776 26.0
19.166210045662098 25.86849315068493
19.04931506849315 25.649315068493152
18.859360730593608 25.503196347031963
18.610958904109587 25.44474885844749
18.318721461187216 25.43013698630137
18.201826484018262 25.225570776255708
18.01187214611872 25.079452054794523
17.763470319634703 25.006392694063926
17.485844748858447 25.035616438356165
17.20821917808219 25.006392694063926
17.01826484018265 24.86027397260274
16.799086757990867 24.74337899543379
16.506849315068493 24.74337899543379
16.30228310502283 24.62648401826484
16.21461187214612 24.39269406392694
15.980821917808218 24.29041095890411
15.747031963470318 24.202739726027396
15.469406392694061 24.231963470319634
15.235616438356164 24.33424657534247
15.016438356164382 24.319634703196346
14.841095890410958 24.15890410958904
14.680365296803652 23.9689497716895
14.461187214611872 23.852054794520548
14.168949771689498 23.852054794520548
13.90593607305936 23.92511415525114
13.67214611872146 23.95433789954338
13.526027397260272 23.77899543378995
13.67214611872146 23.58904109589041
13.803652968036529 23.399086757990865
13.90593607305936 23.179908675799087
14.02283105022831 22.960730593607305
14.13972602739726 22.756164383561643
14.329680365296802 22.59543378995434
14.461187214611872 22.390867579908672
14.636529680365296 22.230136986301368
14.81187214611872 22.069406392694063
14.972602739726026 21.908675799086758
15.118721461187214 21.718721461187215
15.294063926940638 21.54337899543379
15.454794520547946 21.368036529680367
15.703196347031962 21.251141552511413
15.878538812785386 21.09041095890411
16.097716894977168 20.98812785388128
16.31689497716895 20.871232876712327
16.477625570776254 20.710502283105022
16.726027397260275 20.62283105022831
16.915981735159818 20.50593607305936
17.178995433789954 20.447488584474883
17.41278538812785 20.359817351598174
17.58812785388128 20.199086757990866
17.69041095890411 19.979908675799088
17.807305936073057 19.760730593607306
17.880365296803653 19.512328767123286
17.938812785388127 19.26392694063927
18.01187214611872 19.015525114155253
18.099543378995435 18.78173515981735
18.157990867579908 18.53333333333333
18.289497716894978 18.34337899543379
18.318721461187216 18.065753424657533
18.391780821917806 17.831963470319636
18.464840182648402 17.583561643835615
18.537899543378995 17.349771689497715
18.567123287671233 17.07214611872146
18.640182648401826 16.838356164383562
18.757077625570776 16.6337899543379
18.78630136986301 16.35616438356164
18.83013698630137 16.093150684931505
18.859360730593608 15.81552511415525
18.932420091324204 15.581735159817349
18.94703196347032 15.289497716894974
18.96164383561644 15.01187214611872
19.03470319634703 14.77808219178082
19.03470319634703 14.485844748858446
19.03470319634703 14.193607305936071
19.03470319634703 13.901369863013697
19.03470319634703 13.609132420091322
19.03470319634703 13.316894977168948
19.07853881278539 13.05388127853881
19.07853881278539 12.761643835616436
19.005479452054793 12.659360730593605
18.91780821917808 12.907762557077625
18.78630136986301 13.097716894977168
18.684018264840184 13.316894977168948
18.58173515981735 13.536073059360728
18.450228310502283 13.74063926940639
18.304109589041097 13.930593607305934
18.172602739726027 14.10593607305936
18.041095890410958 14.310502283105022
17.894977168949772 14.500456621004565
17.79269406392694 14.719634703196345
17.631963470319633 14.880365296803653
17.44200913242009 15.026484018264838
17.339726027397262 15.260273972602738
17.164383561643834 15.406392694063925
16.98904109589041 15.552511415525114
16.828310502283102 15.727853881278538
16.682191780821917 15.903196347031962
16.463013698630135 16.005479452054793
16.273059360730592 16.166210045662098
16.053881278538814 16.283105022831048
15.834703196347032 16.4
15.659360730593606 16.560730593607303
15.454794520547946 16.692237442922373
15.235616438356164 16.794520547945204
15.001826484018263 16.911415525114155
14.82648401826484 17.05753424657534
14.665753424657535 17.21826484018265
14.402739726027395 17.276712328767122
14.168949771689498 17.364383561643834
13.90593607305936 17.43744292237443
13.67214611872146 17.51050228310502
13.43835616438356 17.583561643835615
13.233789954337897 17.700456621004562
13.0 17.788127853881278
13.0 17.71506849315068
13.189954337899543 17.568949771689496
13.365296803652967 17.40821917808219
13.55525114155251 17.262100456621003
13.715981735159817 17.08675799086758
13.862100456621004 16.896803652968035
14.12511415525114 16.823744292237443
14.24200913242009 16.60456621004566
14.475799086757991 16.48767123287671
14.680365296803652 16.37077625570776
14.841095890410958 16.180821917808217
15.016438356164382 16.005479452054793
15.133333333333333 15.80091324200913
15.352511415525115 15.669406392694063
15.48401826484018 15.464840182648402
15.659360730593606 15.304109589041094
15.805479452054794 15.099543378995431
15.95159817351598 14.90958904109589
16.097716894977168 14.734246575342464
16.229223744292238 14.529680365296802
16.360730593607304 14.32511415525114
16.506849315068493 14.135159817351596
16.63835616438356 13.930593607305934
16.784474885844748 13.75525114155251
16.930593607305937 13.565296803652966
17.032876712328765 13.331506849315067
17.14977168949772 13.126940639269405
17.310502283105023 12.951598173515979
17.44200913242009 12.747031963470318
17.500456621004567 12.4986301369863
17.69041095890411 12.352511415525113
17.79269406392694 12.133333333333331
17.865753424657534 11.884931506849313
17.953424657534246 11.651141552511413
18.070319634703196 11.431963470319634
18.14337899543379 11.183561643835613
18.289497716894978 11.00821917808219
18.318721461187216 10.730593607305934
18.36255707762557 10.467579908675797
18.537899543378995 10.30684931506849
18.698630136986303 10.146118721461185
18.903196347031965 10.029223744292235
19.195433789954336 10.014611872146116
19.487671232876714 10.029223744292235
19.779908675799085 10.029223744292235
19.984474885844747 10.146118721461185
20.20365296803653 10.263013698630134
20.30593607305936 10.496803652968035
20.393607305936072 10.715981735159815
20.46666666666667 10.964383561643833
20.55433789954338 11.183561643835613
20.627397260273973 11.431963470319634
20.715068493150685 11.665753424657533
20.817351598173516 11.884931506849313
20.86118721461187 12.14794520547945
20.934246575342467 12.396347031963469
21.036529680365298 12.600913242009131
21.138812785388126 12.83470319634703
21.25570776255708 13.039269406392693
21.34337899543379 13.273059360730592
21.431050228310504 13.492237442922374
21.518721461187216 13.726027397260273
21.59178082191781 13.974429223744291
21.694063926940636 14.193607305936071
21.79634703196347 14.42739726027397
21.942465753424656 14.588127853881279
22.030136986301372 14.821917808219176
22.11780821917808 15.055707762557077
22.205479452054796 15.289497716894974
22.293150684931508 15.537899543378995
22.439269406392697 15.713242009132419
22.49771689497717 15.961643835616437
22.673059360730594 16.122374429223743
22.746118721461187 16.37077625570776
22.86301369863014 16.575342465753423
22.96529680365297 16.794520547945204
23.052968036529684 17.028310502283105
23.111415525114154 17.29132420091324
23.257534246575343 17.481278538812784
23.359817351598174 17.700456621004562
23.52054794520548 17.86118721461187
23.593607305936075 18.124200913242007
23.710502283105022 18.32876712328767
23.812785388127853 18.54794520547945
23.900456621004565 18.78173515981735
24.03196347031964 18.971689497716895
24.07579908675799 19.23470319634703
24.22191780821918 19.424657534246574
24.280365296803655 19.67305936073059
24.368036529680367 19.90684931506849
24.4703196347032 20.126027397260273
24.4703196347032 20.418264840182648
24.192694063926943 20.418264840182648
23.98812785388128 20.315981735159816
23.7689497716895 20.18447488584475
23.578995433789956 20.03835616438356
23.418264840182648 19.863013698630134
23.228310502283104 19.71689497716895
23.0675799086758 19.526940639269405
22.90684931506849 19.35159817351598
22.71689497716895 19.205479452054796
22.570776255707763 19.015525114155253
22.41004566210046 18.840182648401825
22.234703196347034 18.67945205479452
22.1324200913242 18.44566210045662
22.015525114155253 18.22648401826484
21.927853881278537 17.99269406392694
21.767123287671232 17.831963470319636
21.606392694063928 17.65662100456621
21.53333333333333 17.40821917808219
21.401826484018265 17.20365296803653
21.328767123287673 16.969863013698628
21.22648401826484 16.736073059360727
21.080365296803656 16.575342465753423
21.051141552511417 16.283105022831048
20.934246575342467 16.078538812785386
20.875799086757993 15.830136986301369
20.831963470319636 15.567123287671231
20.744292237442924 15.333333333333332
20.65662100456621 15.11415525114155
20.598173515981735 14.851141552511415
20.568949771689496 14.57351598173516
20.481278538812788 14.354337899543378
20.40821917808219 14.10593607305936
20.32054794520548 13.88675799086758
20.232876712328768 13.652968036529678
20.21826484018265 13.360730593607304
20.130593607305936 13.141552511415522
20.1013698630137 12.863926940639267
20.042922374429224 12.61552511415525
19.96986301369863 12.36712328767123
19.94063926940639 12.074885844748856
19.838356164383562 12.118721461187214
19.896803652968035 12.36712328767123
19.926027397260274 12.644748858447487
19.94063926940639 12.936986301369862
19.999086757990867 13.18538812785388
20.028310502283105 13.463013698630135
20.08675799086758 13.711415525114154
20.08675799086758 14.003652968036528
20.115981735159817 14.281278538812785
20.20365296803653 14.500456621004565
20.20365296803653 14.79269406392694
20.20365296803653 15.084931506849314
20.21826484018265 15.377168949771688
20.21826484018265 15.669406392694063
20.21826484018265 15.961643835616437
20.291324200913245 16.195433789954336
20.291324200913245 16.48767123287671
20.291324200913245 16.779908675799085
20.291324200913245 17.07214611872146
20.30593607305936 17.364383561643834
20.30593607305936 17.65662100456621
20.30593607305936 17.948858447488583
20.30593607305936 18.241095890410957
20.393607305936072 18.46027397260274
20.393607305936072 18.752511415525113
20.45205479452055 19.000913242009133
20.45205479452055 19.293150684931504
20.45205479452055 19.585388127853882
20.46666666666667 19.877625570776253
20.46666666666667 20.16986301369863
20.46666666666667 20.462100456621005
20.46666666666667 20.75433789954338
20.46666666666667 21.046575342465754
20.46666666666667 21.33881278538813
20.46666666666667 21.631050228310503
20.32054794520548 21.499543378995433
20.232876712328768 21.265753424657532
20.130593607305936 21.046575342465754
20.08675799086758 20.7689497716895
20.013698630136986 20.535159817351598
19.95525114155251 20.286757990867578
19.88219178082192 20.03835616438356
19.809132420091323 19.80456621004566
19.794520547945204 19.512328767123286
19.750684931506846 19.24931506849315
19.64840182648402 19.059360730593607
19.6337899543379 18.767123287671232
19.575342465753426 18.518721461187212
19.575342465753426 18.22648401826484
19.575342465753426 17.934246575342463
19.575342465753426 17.64200913242009
19.575342465753426 17.349771689497715
19.575342465753426 17.05753424657534
19.575342465753426 16.765296803652966
19.575342465753426 16.47305936073059
19.575342465753426 16.180821917808217
19.6337899543379 15.9324200913242
19.6337899543379 15.640182648401826
19.6337899543379 15.347945205479451
19.6337899543379 15.055707762557077
19.575342465753426 14.807305936073057
19.473059360730595 14.851141552511415
19.473059360730595 15.143378995433789
19.458447488584476 15.435616438356163
19.458447488584476 15.727853881278538
19.385388127853883 15.961643835616437
19.356164383561644 16.239269406392694
19.28310502283105 16.47305936073059
19.253881278538813 16.750684931506846
19.122374429223743 16.940639269406393
19.107762557077624 17.232876712328768
19.020091324200912 17.466666666666665
18.932420091324204 17.685844748858447
18.903196347031965 17.963470319634702
18.81552511415525 18.197260273972603
18.74246575342466 18.44566210045662
18.625570776255707 18.650228310502282
18.552511415525114 18.88401826484018
18.464840182648402 19.10319634703196
18.421004566210044 19.38082191780822
18.34794520547945 19.614611872146117
18.27488584474886 19.863013698630134
18.27488584474886 20.15525114155251
18.27488584474886 20.447488584474883
18.304109589041097 20.72511415525114
18.333333333333332 21.002739726027396
18.421004566210044 21.221917808219175
18.523287671232875 21.44109589041096
18.640182648401826 21.660273972602738
18.81552511415525 21.821004566210046
18.932420091324204 22.040182648401824
19.07853881278539 22.230136986301368
19.151598173515982 22.478538812785388
19.28310502283105 22.66849315068493
19.385388127853883 22.887671232876713
19.473059360730595 23.121461187214614
19.546118721461188 23.35525114155251
19.61917808219178 23.603652968036528
19.6337899543379 23.895890410958906
19.765296803652966 24.07123287671233
19.794520547945204 24.348858447488585
19.794520547945204 24.64109589041096
19.794520547945204 24.933333333333334
19.765296803652966 25.21095890410959
19.765296803652966 25.503196347031963
19.61917808219178 25.67853881278539
19.546118721461188 25.926940639269407
19.385388127853883 26.0
$EndXYCoordinates
$RawThetaValues
-1.1416281338260736 1.7227830420480132 -0.1389971076299903 0.13818437008571596
-1.1458319051855153 1.7381862850063985 -0.12948349679144144 0.12809096660643807
-1.1542410225025552 1.7506784346685167 -0.12336273578735965 0.11331046063136163
-1.1588681511397543 1.7654209618325052 -0.11461336627234146 0.10269017434519219
-1.159178390402217 1.781262357763279 -0.10383679764627388 0.09731510777802353
-1.1570873684030862 1.7984708183375804 -0.09142600427745076 0.0946084625716759
-1.164365100045291 1.8103064875791834 -0.08573759867162847 0.08118346729369026
-1.1683854941889367 1.8248153520594492 -0.07727765802817323 0.07111414931323422
-1.1686471347578418 1.840848001084525 -0.066639495800912 0.06545802194651465
-1.1642705092524452 1.8560155200559174 -0.055084249759848415 0.06622237452158226
-1.1620752492393722 1.87257178210129 -0.04338573565055507 0.06355988659857593
-1.1654848171253147 1.8869793849888488 -0.035086989165508155 0.05404146231012169
-1.1672017538134019 1.9023067302932313 -0.025691052463047006 0.04639311702011327
-1.1631343295420367 1.918918421642735 -0.013501029449951792 0.04603887295506973
-1.1647371941829012 1.9333899360827245 -0.004767178173632002 0.03869834515053562
-1.1725172966921258 1.9440249465695014 -0.0008071786981211784 0.024243231630044743
-1.1728501512350493 1.9597779613479753 0.009023342647191939 0.017987883653960358
-1.172455827137429 1.9751790109736822 0.018819678129501388 0.01277749360818324
-1.1667083279279833 1.9902519730148551 0.030370107712301274 0.015002460359256254
-1.1588092446146223 2.000994852027881 0.04003264114116006 0.021821198088449883
-1.1554985531572253 2.013749306273616 0.04917854712697583 0.021523341285927686
-1.1583538474480581 2.0276582795027727 0.05660113978341762 0.012181666422379831
-1.162442743573442 2.041453998915958 0.06336012099639819 0.0010560320967913915
-1.1625635079144234 2.0567740382748867 0.07250477426073193 -0.005240118338785108
-1.1567669997234875 2.073367667710062 0.08472349389531003 -0.0038185199484462233
-1.1487343172200608 2.086428270904057 0.09573057235998432 0.002160637825659713
-1.142794936149563 2.0988903249625293 0.10551299940528897 0.00542039188298976
-1.1459993458968059 2.111653531398539 0.11164069686237499 -0.004419526843176613
-1.1559881447771625 2.108171395632325 0.10542322596965814 -0.017143660850036282
-1.165668064062041 2.105377806704648 0.09971449388636888 -0.02973872329052659
-1.1757890168789848 2.10482713480032 0.09507748532501673 -0.043946012764494724
-1.1862367857204417 2.1032777721550375 0.08969151513805851 -0.058230389147627654
-1.1961674322411084 2.101231185406812 0.08421523137006615 -0.07159073268806114
-1.2060572817420823 2.0937911056762215 0.07570356437055563 -0.0825521694579549
-1.2163115160669764 2.0905946901511245 0.06940408089035303 -0.09590947173795443
-1.2258751110485318 2.0837304002374193 0.06134674790388542 -0.10666610979227242
-1.235421318803133 2.0767370663826465 0.05322187977897341 -0.11734385181701298
-1.2446531551320585 2.0704830290283227 0.04564399880304135 -0.12789953176754665
-1.254668454036201 2.0655492781177913 0.03844120626657718 -0.14018387229762178
-1.2647192883564318 2.058443493323595 0.030014606329298966 -0.15155552176093431
-1.2744668174050375 2.052072870827074 0.022124231242605194 -0.16282280339971283
-1.2836849633736358 2.0392479344627876 0.010922300564684052 -0.17041794368194604
-1.293101471239699 2.0314894740353915 0.002418539376597635 -0.18057975230869985
-1.3010732231158175 2.019981709672489 -0.00750140259491146 -0.18696368179342476
-1.3095250759083903 2.008640282282477 -0.01754983816578989 -0.19412254276686391
-1.3185602513229453 2.00145042375218 -0.02556494574651657 -0.2039829672318488
-1.3262643674635068 1.9877070026490544 -0.036613674811030714 -0.20899239133379868
-1.3340103117123512 1.9778954452548967 -0.04550762694058799 -0.21582073031804258
-1.340607267556366 1.9627266043713725 -0.05689043318790868 -0.2186316515258541
-1.3477443217775462 1.949716276399078 -0.06732675473385731 -0.2231946993206884
-1.3567601966216618 1.941197587861358 -0.07606271136230774 -0.23242784225553442
-1.3669445694344686 1.9377840560370154 -0.08244663345873056 -0.24558260534042142
-1.3773569977193705 1.9333186853161544 -0.08953892833319023 -0.25862195777892194
-1.3882790820061086 1.9317297795663626 -0.09528477809445436 -0.2737009860771324
-1.3990026835644647 1.930866118124574 -0.10058629649953695 -0.28886244459878246
-1.4099655205255681 1.9289208705983694 -0.10663270702971481 -0.303926444563859
-1.4205829897240372 1.9257458263844565 -0.11322362182124379 -0.31795978433994426
-1.4313709554242182 1.9243582283758167 -0.11896661814370703 -0.3331031483539488
-1.4409061460318073 1.9177348366699032 -0.12694849315790002 -0.34399682226981726
-1.4524849984233466 1.918074493301179 -0.13221637778365938 -0.3611832159183918
-1.4629639951265287 1.9151427265863499 -0.13873873298615214 -0.37525280110923753
-1.4740544587625601 1.9121355510433207 -0.14562631165384174 -0.39022366786992946
-1.4845758787713321 1.9088626257721029 -0.1524099783211432 -0.40425582927478476
-1.4962791534279007 1.9084259473130387 -0.15836295748941276 -0.421475404640559
-1.5068529932816224 1.9047970209529632 -0.16542889707740394 -0.4354862577221963
-1.5168634478466545 1.8980916126880136 -0.17377993290731414 -0.447142339852189
-1.5286655091512296 1.8970732729399424 -0.180213020095565 -0.46435914859694377
-1.5401074228807135 1.8948688927480912 -0.18711193585927696 -0.48049559789828844
-1.5519883906798586 1.8934257278425466 -0.19392333698667932 -0.49774480191929127
-1.5626929023575453 1.8888989453233538 -0.2016598079380692 -0.5116590020291751
-0.2085897523157473 -0.5300455229607074 4.708123376539774 1.8879864935949413
-0.2154085936223496 -0.547535264896124 4.696316146635641 1.886850164319622
-0.2235795582328712 -0.5614098364294033 4.685510234301996 1.8817478589087353
-0.230566633301899 -0.5800779974189143 4.673196308230509 1.8811150187577308
-0.23778632813549616 -0.5987939239559772 4.6608272819893015 1.8802422242199892
-0.24523907078364895 -0.6175571933765959 4.648400944795775 1.879126413798928
-0.25292518677928766 -0.6363671525140282 4.635915134045913 1.8777644461908596
-0.26084488865984434 -0.6552229106611103 4.623367738630644 1.876153107042116
-0.26972638501070034 -0.6714497280457864 4.611429761396627 1.87156045084192
-0.27807338064154224 -0.69036181332395 4.598761030417752 1.8694568095103672
-0.278497324020058 -0.6983534004419718 4.595296577872755 1.873560000704876
-0.2682002439707149 -0.68379856823878 4.607298609134076 1.8813042798123478
-0.2581068857848207 -0.6737312080261391 4.617381512081815 1.8914131807333405
-0.24827525905617534 -0.6611504341588539 4.628321753617024 1.8996042751299091
-0.2385190466395675 -0.6484843154298335 4.6392580428305505 1.9076306580310236
-0.22816803799054447 -0.6371380468931044 4.6500142249754655 1.9173915802882324
-0.217717824178223 -0.6268479376136942 4.660399206267964 1.9279366661136415
-0.2082244195378304 -0.61718765790946 4.669960602444682 1.9373311872265184
-0.19800537400411478 -0.6054964370705841 4.680780433497508 1.946678842974184
-0.1876648508869561 -0.5948452124204321 4.691247972659465 1.9568356806031475
-0.17829271513389672 -0.5816190375840727 4.702202022999892 1.963935691860275
-0.1682147554990188 -0.5728504388637304 4.711741228212911 1.974784257987829
-1.5619293964743755 1.9875083210151452 -0.1573852734910081 -0.5652303373907356
-1.5503591872685434 1.9941481216456427 -0.14783828385166362 -0.5507529391760565
-1.5410322297779737 2.0056695822260178 -0.1376084221814312 -0.5427175805956295
-1.5316460328886516 2.017106424771491 -0.1273819559390711 -0.5345417600094203
-1.5213050102831516 2.0273784130116836 -0.11706916642021882 -0.5241599361252608
-1.511231600130189 2.0365420471527447 -0.10736818263755035 -0.5135491763306909
-1.5025631313675532 2.0508183253849293 -0.0964146058315035 -0.5082034089941927
-1.4920637161489254 2.0627880250637656 -0.08532023919699257 -0.4985793268198901
-1.482612019431848 2.0768673992807516 -0.07400735822406837 -0.49189412334687493
-1.4730546416507917 2.0908879854835227 -0.06267147774094489 -0.485021451285466
-1.4626843862304462 2.1015747137809027 -0.05217573479269959 -0.47484218121425537
-1.4527336687139798 2.114336004596062 -0.04111419939760824 -0.4665912191178565
-1.4434912489771026 2.1282447789533636 -0.030041992968424615 -0.4601853673090974
-1.4332176537467716 2.1429503273172865 -0.01804742269655779 -0.4526227501708226
-1.423196244488647 2.1533498528110084 -0.007879954520969462 -0.44283339823083195
-1.4129598519123283 2.162496238237338 0.0019350611211745629 -0.43192837543869816
-1.4039061843894765 2.1795432970511572 0.014055339646919164 -0.4278014882039213
-1.3943691708580284 2.1942690172884554 0.0255535794951232 -0.42149195506156756
-1.3844500163896465 2.2111044158647766 0.03805040450261797 -0.41591137416201196
-1.3751961860100228 2.225938237103054 0.04935304305895419 -0.410188726464329
-1.365819962531607 2.2407372588200545 0.060693597018197556 -0.40427097074367074
-1.355597767375363 2.2528763528612306 0.0716037871215346 -0.39527767952526577
-1.345491790629702 2.2673390319145867 0.08326093368865377 -0.38797723526584177
-1.3481137554466538 2.2684643963316256 0.08195918296230759 -0.3930263152261784
-1.3590655881241256 2.257773977017383 0.0710989622685135 -0.4041479492832018
-1.3700961372301514 2.248140519133339 0.060556942793471145 -0.41608705998022594
-1.381003291897676 2.2371643396133676 0.049625694523964786 -0.4269492833972857
-1.3921284043985918 2.228413482531808 0.039326772437271416 -0.43962246090333523
-1.403390296967258 2.2206697161146045 0.029279372894732626 -0.4531879865973367
-1.4135256920137822 2.203437779828319 0.016682259110508805 -0.4586885591417991
-1.4250702399373865 2.1977030548362255 0.007156595563038052 -0.47402404562078054
-1.4359122447108699 2.182737221590832 -0.005115163415847766 -0.48217197612775614
-1.4458732012687188 2.1697048177186664 -0.01615134458101239 -0.49013670997860415
-1.4574640260171734 2.1601939714956093 -0.0270130684831609 -0.5030784124061506
-1.4688556258698906 2.1493932752262883 -0.03819827220225287 -0.5148545197086384
-1.4798992524751782 2.142670668019143 -0.04774255298438187 -0.5287198198889097
-1.4906227736261837 2.128261453384069 -0.059743871346345 -0.5370354447668043
-1.5020387505340054 2.1201983377795766 -0.06999691630114531 -0.5506413510249338
-1.5127626978108852 2.10872725748531 -0.08097909028254703 -0.5608763919889492
-1.524533829830704 2.0993090357547506 -0.09193878320546017 -0.5741889952011215
-1.5357112731236555 2.0896709480366606 -0.10258818765906916 -0.586377755229592
-1.546281427770134 2.0798488298455693 -0.11290255835639576 -0.597440162382306
-1.557714641394299 2.0709390500130604 -0.12347684002343777 -0.6105378778410042
-1.5691552832014952 2.0618528665530986 -0.1341215609268545 -0.6235370570916553
-0.1449792283385724 -0.6352743855021442 4.70287635589696 2.0515788594707383
-0.15574372979488843 -0.6480552728232575 4.691436170926247 2.0421550603648226
-0.16626880798099902 -0.6585377438726594 4.680925329556968 2.0316016118588354
-0.17724619030998456 -0.6698993266657809 4.669819633470858 2.020880116236862
-0.18795617652480198 -0.6847215782309978 4.657745241569266 2.0129179896856693
-0.19841046335463172 -0.6972494467010409 4.646609233134608 2.0038555628912245
-0.2096021043468216 -0.7070267410939106 4.6358821226292255 1.9917141057865213
-0.22066574475724438 -0.7190957954475926 4.624488060269564 1.9813254573701191
-0.2305871706982655 -0.7352192584854732 4.612550446193897 1.9755898803913114
-0.2419414086950894 -0.7420931174615887 4.6026488953976195 1.9612079505743256
-0.2525907815238255 -0.7552905178154183 4.591170923622853 1.9522780063246523
-0.26327956081633413 -0.7709185174298125 4.57889434909615 1.9449406521198356
-0.2740915249386824 -0.7852100077292471 4.566978536796064 1.9365043659968353
-0.2854690574210905 -0.7978387750464999 4.555207055632328 1.9259841196679444
-0.2964664191870502 -0.8132266869735782 4.54283996017967 1.9180075743764051
-0.30737974321719347 -0.82202260379173 4.532584750816815 1.9056349578015586
-0.3181613976820673 -0.8401553905516908 4.5195380917259245 1.8999394310057547
-0.32905892809231285 -0.8569490098831996 4.506864463453602 1.893161891654695
-0.34043607835140616 -0.8636712827749626 4.496886494044284 1.878529044878047
-0.3513211462109681 -0.8705559360218943 4.48722196146198 1.8648640976831126
-0.3619085211964313 -0.873260564597164 4.4790878838759385 1.8488472736868775
-0.37140301117749946 -0.8668389451005608 4.47473770636617 1.8285809866994387
-0.37984193047161163 -0.8584011094548228 4.472023567972528 1.8089900933659453
-0.38880956807576417 -0.8508138584008972 4.468931207345713 1.7893428440810526
-0.39105755708384815 -0.8380431831608565 4.472227510591997 1.7776204830792128
-0.3938791511187798 -0.8249606417733877 4.475491240043503 1.7649800771083175
-0.3892928317843635 -0.8076759134632397 4.485089236150884 1.761879664239967
-0.38492238162819903 -0.7917693983419475 4.494126800028196 1.7593811631521514
-0.37933451938101986 -0.7744891817862654 4.504552954387112 1.7581149632025637
-0.3753309109684175 -0.7587389767480373 4.513523896330484 1.75533930852031
-0.3701358982317829 -0.7416102049634242 4.5238719492650725 1.7537536024069205
-0.3660604435478363 -0.7251093168821506 4.53342386942734 1.7508800891718612
-0.363087123230302 -0.7092414515385941 4.542197035003993 1.7467587097224921
-0.3570721886053248 -0.6921094842962142 4.553305147987927 1.7467497900890232
-0.35265798684622546 -0.675261574417026 4.56351493613407 1.7445258701150776
-0.3506243715084159 -0.6604998811901511 4.571587025015758 1.7398698811077002
-0.3479779256011148 -0.6440287260975986 4.580909999409962 1.7353681463166528
-0.3467781628229314 -0.629078069114645 4.58886887638423 1.72957612908615
-0.34397460332445934 -0.6130616265846919 4.598275027094215 1.7257693967646541
-0.3417020381563553 -0.5979828407511414 4.60704513649218 1.7217332854971725
-0.3392412369854704 -0.5820797760513684 4.61642732369989 1.717673209175994
-0.3360913380948424 -0.5656621116986589 4.626507592161553 1.7144857121755763
-0.33483980922083706 -0.5504323757008635 4.6351638710620735 1.7091637839523064
-0.333431038731124 -0.5343813901548117 4.644439584420615 1.70379728225451
-0.3353511942359037 -0.5218139780327249 4.650411302387251 1.6952814325942789
-0.3337166356899077 -0.5061540541221013 4.659785384106801 1.6906301489492017
-0.33224926033012075 -0.4905331116301315 4.669159398852699 1.6858505965629167
-0.330947985450817 -0.47494814706353083 4.67853542381406 1.680942931836981
-0.32953981379768393 -0.45853552121257907 4.688526121081139 1.675929174906241
-0.3318434895343683 -0.4452722816510714 4.695232191281296 1.6670683298082059
-0.3296530433755038 -0.42950854137986244 4.7053637180416095 1.6636265624561744
-0.33358203967601113 -0.4165493914006711 4.711422720511164 1.6527974186460312
-1.5616588390346067 1.6482118631572682 -0.3322600602200077 -0.4005381088220894
-1.5535021761142502 1.6408163271589846 -0.3334937296446848 -0.38621957932812645
-1.5446652053670948 1.6342035985991983 -0.3340769090895805 -0.37135305946608044
-1.535158359920558 1.6283461629781701 -0.3340261704980878 -0.35593803980702277
-1.5243499901837854 1.6240747379097087 -0.3325817723459099 -0.33941384684961073
-1.516739537647372 1.6144774171972696 -0.33575414720618646 -0.32537844846103475
-1.5077839190001525 1.6073817501052363 -0.3369475648155177 -0.31052058033111324
-1.50129572838036 1.5968184848207045 -0.3413339858668021 -0.29785554547807347
-1.4903955972679663 1.5910979154202616 -0.341123378486959 -0.2810242375853935
-1.481931983677683 1.5828211599998954 -0.34351299825088205 -0.2666734883386671
-1.4728018329676467 1.5752452148412115 -0.3452980693750481 -0.2517524635941131
-1.4630134315841283 1.56834400674291 -0.3464956289594196 -0.23626041369666467
-1.455002929989314 1.5589021511553416 -0.3500577073218871 -0.22237013487674942
-1.4439173428382637 1.5542079493493135 -0.34950785755415614 -0.20604049615194003
-1.435776310955799 1.5436108475690355 -0.3539641705899539 -0.1917586755249953
-1.4252045164410796 1.5378100978749616 -0.3544739039248181 -0.17589586465106613
-1.4151594694491079 1.5301601912880993 -0.35648122256013437 -0.16020822970754836
-1.4056450015354414 1.5215865971802316 -0.35936581322207867 -0.1450047583479583
-1.3931776297271552 1.518432511332541 -0.3576690263799497 -0.12768651384985277
-1.3936958104902013 1.5357220698586667 -0.34591380517939463 -0.13373903193846956
-1.3982902756170208 1.549538971225806 -0.3378979990090581 -0.14413459226209183
-1.4039906814868728 1.564495927877648 -0.3295488254866974 -0.15644278126142486
-1.4101587134291689 1.577710983689943 -0.32263245561522846 -0.16890949914454703
-1.4174546787407778 1.5893235402031451 -0.31725949763684136 -0.18244506299097105
-1.4233893519946061 1.6023704308885516 -0.31057403921890026 -0.19474116851226492
-1.431091895410548 1.6139327175257574 -0.3055716842524727 -0.209003643598985
-1.438089110903203 1.6252755059574444 -0.30057417347032855 -0.2223461367411828
-1.4436978163676553 1.6381012941997706 -0.2942282713654626 -0.2344347283430952
-1.4511603833740319 1.6485088073543137 -0.29020304804984787 -0.24827958518840007
-1.4578876515478822 1.6596252203199586 -0.285561815927928 -0.26148203420597554
-1.4638641911096144 1.6714733351454203 -0.28028745019042134 -0.27403232285566287
-1.4731075220967476 1.6792280472075307 -0.27890305961921885 -0.2896459753337038
-1.4816361113606702 1.6876760567730178 -0.27691938631843155 -0.3046389008623263
-1.4908750055730817 1.6942913433923399 -0.27643604103889324 -0.32000973641452163
-1.4966639837204625 1.7049614077395496 -0.27223197640786406 -0.3322647142780829
-1.5029824978836965 1.7156507578012112 -0.26833477009803625 -0.3453753721931508
-1.5128076238071866 1.7211351992527273 -0.26906336007778286 -0.36141352954790334
-1.5204232576478782 1.729969502701871 -0.2670128510001 -0.37581295776005613
-1.529608755864634 1.7351700131150993 -0.26783943643997243 -0.39102555182991255
-1.5385782964668393 1.742068317730463 -0.2676944044145868 -0.4067483650220957
-1.5441660083747675 1.7514768714362843 -0.2647728081773466 -0.418823034398605
-1.5560761050371519 1.7536819179338414 -0.2687692457475901 -0.43693461512879006
-1.5636648575276235 1.761150177701306 -0.26802159052603647 -0.451243972165173
-0.2704707227390344 -0.4672733583974658 4.70964846478876 1.7648584468573982
-0.2739364834218808 -0.48398323133420346 4.699033725036126 1.7674878193586552
-0.2753500984145069 -0.49971125483462153 4.689996318037881 1.7727648208682025
-0.2766264316783054 -0.5145996359128385 4.681572261671348 1.7779528123160877
-0.2800955225108419 -0.5317118392019392 4.6710417903520876 1.781065453453392
-0.28517141097183935 -0.5492524712002895 4.659606757466452 1.7820951641051095
-0.28696145266913914 -0.5643077115339299 4.651148734795748 1.7869023400707453
-0.2901384149764697 -0.5809581130848512 4.641307096489891 1.790534141008479
-0.29226320957623636 -0.5961380526593414 4.632831294721944 1.7951134842152556
-0.2949182257057532 -0.6122913659258147 4.62372335765839 1.799503844288658
-0.3018733059058979 -0.6307544792250915 4.611360588853996 1.7986491085833967
-0.30453026187233534 -0.6461393117205864 4.6028260213818495 1.8028424176403073
-0.31099864670467386 -0.6640902160307343 4.591150642035611 1.8026495577718782
-0.31585023529133843 -0.6808585194613747 4.580993533396079 1.8044091639763213
-0.3203947004595358 -0.6980016397969814 4.570951813511603 1.8069660992592556
-0.32793063542182815 -0.7170597314820685 4.558491725233466 1.806028167703913
-0.3231569251798034 -0.7164707461965253 4.561502004638611 1.8132231720655398
-0.3178853335551529 -0.6995250630630768 4.571726337452429 1.811773413370559
-0.31097371190073975 -0.681403552076609 4.583490158302797 1.8123273448888728
-0.30336837461772864 -0.6627045611179779 4.595988048357773 1.813731581268229
-0.2987138719355876 -0.6459563417022075 4.606076342508262 1.811726158685088
-0.29245117240940466 -0.6280001745884023 4.617689874620904 1.8116462232101087
-0.28819364161340055 -0.6113821613263899 4.627704324616216 1.8093001907394124
-0.28093202667364264 -0.5931558920280304 4.64015734747239 1.8107885592369843
-0.2753055880488239 -0.5753538464412775 4.6516393942509815 1.8100949990536415
-0.2733925018444148 -0.5602169926117985 4.660017718210649 1.8052495553882395
-0.26675533224936354 -0.542121088095904 4.672343763073956 1.8061168653307031
-0.26033546603578184 -0.5240519379828267 4.6846274303296065 1.806751248686858
-0.2546826402236129 -0.5057752994967173 4.6967237746123 1.8062237802956111
-0.2487006646396756 -0.48776593683260494 4.708928975637249 1.8064015942403857
-1.5620873206028212 1.806352935653042 -0.24293528253046245 -0.4697828851965322
-1.553096332847628 1.8015369125705687 -0.24127778607679426 -0.4543183779051976
-1.5409838068950785 1.8010990796754578 -0.2359181299402214 -0.4364083629209645
-1.5289008096892593 1.8004400573122343 -0.23077351899001614 -0.41852173240171675
-1.5168450749444777 1.7995614848378985 -0.2258436232373678 -0.4006575294299507
-1.5049532314671763 1.7975530437900382 -0.22170030994798964 -0.38261393161541085
-1.4929439277402585 1.7962425113110856 -0.21720163180436639 -0.36479541726591735
-1.4809546513999974 1.7947166290966032 -0.21291652654162244 -0.3469951534484298
-1.468982912808672 1.7929765437108012 -0.20884467011149863 -0.32921147304117865
-1.4608088483977801 1.7861213329238312 -0.2094236229229407 -0.3147611506547589
-1.4488529583230292 1.7840239499761967 -0.2057389302552438 -0.29702318496467645
-1.4392062117423137 1.7784870741705803 -0.2051200798288748 -0.28122071215197547
-1.4272598203673772 1.7760074591458004 -0.20183666244855222 -0.2635112883719366
-1.4153177115388402 1.7733165010224845 -0.19876466340081742 -0.24580622237234884
-1.4034975465016155 1.769524608952663 -0.1964974209531567 -0.22792692281764199
-1.3915534326145123 1.7664136429716015 -0.19385036079565238 -0.21022478279197282
-1.379604663080478 1.7630913863848379 -0.19141479332948716 -0.1925181892050097
-1.3676481106688219 1.7595574904139095 -0.18919093556536837 -0.17480388305830655
-1.3556805467255393 1.7558113963582502 -0.18717910583923533 -0.15707839533323165
-1.343698633421915 1.7518523235704209 -0.185379735005247 -0.13933803840778955
-1.3316989150887382 1.7476792563025938 -0.18379337829958198 -0.12157889610112063
-1.3359907466011276 1.7583685097553752 -0.1784363474775662 -0.1312029502442757
-1.3448633105965355 1.7669389687884065 -0.17616445733537903 -0.14637408313052777
-1.3529645726746975 1.7760774265409742 -0.17334930344832136 -0.16079864907419994
-1.3639042254701412 1.7823346367051418 -0.1735000281835803 -0.1781462367690701
-1.3727714815251602 1.789654827313825 -0.17230612156863187 -0.19313977681782385
-1.3823348887161984 1.7961429312203656 -0.17198614979773202 -0.20887131614450263
-1.3917335387576337 1.8033861276222147 -0.171239068423039 -0.22476608121309435
-1.4005091934675844 1.8103484895825679 -0.17051767024677586 -0.239782699707135
-1.412221674488857 1.8142026052038471 -0.17293280808533507 -0.2577644341882459
-1.4224496795581172 1.819380595742881 -0.17405650599156447 -0.27429412770276945
-1.429086649977406 1.8273688452730756 -0.1721426232798788 -0.28700546494056706
-1.4407915462924958 1.830730898719668 -0.17513493451658635 -0.30506472593895695
-1.4502432200453044 1.8362787454005471 -0.17601319949298044 -0.3209425113490387
-1.4621267770438564 1.8383657719969684 -0.18000400844743875 -0.33890390389847025
-1.4740303127295058 1.8402411924490703 -0.1842129850613861 -0.35689183665016877
-1.4859564585745313 1.841903671426025 -0.18864075822514026 -0.37490823463590334
-1.4979077972960262 1.8433517327341922 -0.19328797485965915 -0.39295485130008423
-1.5098868645301278 1.8445837647636256 -0.19815529148765398 -0.41103326719161426
-1.5218961501094714 1.8455980258093587 -0.20324336577674215 -0.4291448881057789
-1.5339380989541826 1.846392649314574 -0.2085528480327683 -0.44729094271173164
-1.5460151115842704 1.8469656490805102 -0.21408437262486396 -0.4654724796998514
-1.5569933520848838 1.8435434386694154 -0.22119608322275297 -0.48014022038725884
-1.569144078437028 1.843687884056162 -0.22712579925065607 -0.49836510815405277
-0.2332785322851376 -0.5166264122632228 4.701849312505569 1.8436045388938613
-0.23965474879031323 -0.5349244450876551 4.689613994011729 1.843291036719278
-0.2430739814188796 -0.5514216424266601 4.679869309683482 1.8466243171014687
-0.2382567034850618 -0.5502423320482294 4.682946336035627 1.8533393110090013
-0.2316797229363476 -0.5318433076363389 4.6952093543646845 1.8537802854748822
-0.22477533857893536 -0.5136939790598607 4.707603826743167 1.8549298136342995
-1.5634094587347045 1.8549053761777263 -0.21864570118896082 -0.4953678825115983
-1.5528105564749115 1.859399004104453 -0.21110506509602825 -0.4817219720855997
-1.540961229345763 1.8608432729279705 -0.20451846525588777 -0.4647303139398282
-1.5304093903737437 1.864979587341172 -0.19724278898605987 -0.4510391131111824
-1.5186248477734572 1.8660207315416 -0.19099691591130202 -0.434049841636566
-1.50917117288058 1.8736820480180156 -0.18247358313771297 -0.4237341504465151
-1.49703301881376 1.8733526669100595 -0.17685588158455096 -0.40564891371857725
-1.4863742928849344 1.8777179840053773 -0.16952069251010432 -0.3920203158106227
-1.4763219807523873 1.8820024875824175 -0.16253295752016494 -0.3792647722651766
-1.4646789839540966 1.8820832186353285 -0.15708601823534038 -0.3622555672349722
-1.4540708234292494 1.885934971754508 -0.15013057349042178 -0.34854371508438603
-1.443080610846857 1.888591731549476 -0.1436776569407794 -0.33375734574731913
-1.4332838375018255 1.8941727428648778 -0.13618951131517387 -0.32205343809208387
-1.422909213335445 1.8966248099324503 -0.13017723556092062 -0.30811860523902274
-1.4129353880996718 1.8999640197479086 -0.12388020417425695 -0.2951869584320443
-1.4012384704624163 1.8998390014190694 -0.11878723180329312 -0.2782720500949855
-1.39091208967579 1.901795043823096 -0.11317656428591817 -0.26429104419501104
-1.3800182072929765 1.9034195223532135 -0.10754276195274311 -0.24938783800913997
-1.3683973658736324 1.8998639938307476 -0.10461805209973009 -0.23128675821431682
-1.356784611587766 1.8961086285700963 -0.1019149095034264 -0.21321549607149545
-1.3461427280325597 1.8905898075810739 -0.10075123479780508 -0.19589111682164553
-1.335490380104274 1.8849052753242719 -0.09979064155775759 -0.1785936433965101
-1.3278877644690545 1.8764219163926523 -0.10183588981007573 -0.16455291708198932
-1.3204177999253255 1.8669820506171364 -0.10461672460666377 -0.15042392155933246
-1.3130616556754708 1.8565903925588194 -0.10813553357651368 -0.13619492822101079
-1.3086372509589745 1.8435777402500626 -0.11450782152335566 -0.12513015914259942
-1.3011171702364863 1.833060058282231 -0.11826953202297392 -0.11085410695189814
-1.2950038323931825 1.8212136268294818 -0.1234998106372239 -0.0981246162700949
-1.2857018598716754 1.8126308774804423 -0.12560015787321685 -0.08234024163554114
-1.2792808919384286 1.8014991818164041 -0.13046945747135325 -0.06965687763639286
-1.2713144177860716 1.7914946428940701 -0.13416135667979415 -0.05537776377014259
-1.262548214056251 1.7819759136219182 -0.13735671634304278 -0.040288190431418756
-1.2535892656423189 1.7731956432886236 -0.1400952364966329 -0.02528749183778209
-1.243965010860783 1.7639939145556847 -0.14298193234249637 -0.009348204169170744
-1.2319997082117762 1.757178312030992 -0.14359379703946995 0.008820836307555133
-1.2257157285686548 1.7457529460683796 -0.14925455891278086 0.020869420039977937
-1.214341093264912 1.7380460520360592 -0.1508397551430745 0.03836575314574753
-1.2020869541271473 1.7315193828220818 -0.15142903883303913 0.05655727780752504
-1.189770481853392 1.7247548634377092 -0.1522476139379813 0.07481969436071069
-1.1778215649756225 1.7198213404171645 -0.15199060345722512 0.09195914473978113
-1.1653747036388686 1.7125777596934413 -0.15326109321858358 0.1103790970388997
-1.1569766096297964 1.7166848454029673 -0.1478636052238902 0.12006759333313943
-1.1458798616740333 1.71447767995234 -0.1460950911946317 0.13514002076878814
-1.1417237132481606 1.7219302136979417 -0.13962412457592172 0.1383146020677693
$EndRawThetaValues
$ThetaValues
-0.1389971076299903 0.13818437008571596
-0.12948349679144144 0.12809096660643807
-0.12336273578735965 0.11331046063136163
-0.11461336627234146 0.10269017434519219
-0.10383679764627388 0.09731510777802353
-0.09142600427745076 0.0946084625716759
-0.08573759867162847 0.08118346729369026
-0.07727765802817323 0.07111414931323422
-0.066639495800912 0.06545802194651465
-0.055084249759848415 0.06622237452158226
-0.04338573565055507 0.06355988659857593
-0.035086989165508155 0.05404146231012169
-0.025691052463047006 0.04639311702011327
-0.013501029449951792 0.04603887295506973
-0.004767178173632002 0.03869834515053562
-0.0008071786981211784 0.024243231630044743
0.009023342647191939 0.017987883653960358
0.018819678129501388 0.01277749360818324
0.030370107712301274 0.015002460359256254
0.04003264114116006 0.021821198088449883
0.04917854712697583 0.021523341285927686
0.05660113978341762 0.012181666422379831
0.06336012099639819 0.0010560320967913915
0.07250477426073193 -0.005240118338785108
0.08472349389531003 -0.0038185199484462233
0.09573057235998432 0.002160637825659713
0.10551299940528897 0.00542039188298976
0.11164069686237499 -0.004419526843176613
0.10542322596965814 -0.017143660850036282
0.09971449388636888 -0.02973872329052659
0.09507748532501673 -0.043946012764494724
0.08969151513805851 -0.058230389147627654
0.08421523137006615 -0.07159073268806114
0.07570356437055563 -0.0825521694579549
0.06940408089035303 -0.09590947173795443
0.06134674790388542 -0.10666610979227242
0.05322187977897341 -0.11734385181701298
0.04564399880304135 -0.12789953176754665
0.03844120626657718 -0.14018387229762178
0.030014606329298966 -0.15155552176093431
0.022124231242605194 -0.16282280339971283
0.010922300564684052 -0.17041794368194604
0.002418539376597635 -0.18057975230869985
-0.00750140259491146 -0.18696368179342476
-0.01754983816578989 -0.19412254276686391
-0.02556494574651657 -0.2039829672318488
-0.036613674811030714 -0.20899239133379868
-0.04550762694058799 -0.21582073031804258
-0.05689043318790868 -0.2186316515258541
-0.06732675473385731 -0.2231946993206884
-0.07606271136230774 -0.23242784225553442
-0.08244663345873056 -0.24558260534042142
-0.08953892833319023 -0.25862195777892194
-0.09528477809445436 -0.2737009860771324
-0.10058629649953695 -0.28886244459878246
-0.10663270702971481 -0.303926444563859
-0.11322362182124379 -0.31795978433994426
-0.11896661814370703 -0.3331031483539488
-0.12694849315790002 -0.34399682226981726
-0.13221637778365938 -0.3611832159183918
-0.13873873298615214 -0.37525280110923753
-0.14562631165384174 -0.39022366786992946
-0.1524099783211432 -0.40425582927478476
-0.15836295748941276 -0.421475404640559
-0.16542889707740394 -0.4354862577221963
-0.17377993290731414 -0.447142339852189
-0.180213020095565 -0.46435914859694377
-0.18711193585927696 -0.48049559789828844
-0.19392333698667932 -0.49774480191929127
-0.2016598079380692 -0.5116590020291751
-0.2085897523157473 -0.5300455229607074
-0.2154085936223496 -0.547535264896124
-0.2235795582328712 -0.5614098364294033
-0.230566633301899 -0.5800779974189143
-0.23778632813549616 -0.5987939239559772
-0.24523907078364895 -0.6175571933765959
-0.25292518677928766 -0.6363671525140282
-0.26084488865984434 -0.6552229106611103
-0.26972638501070034 -0.6714497280457864
-0.27807338064154224 -0.69036181332395
-0.278497324020058 -0.6983534004419718
-0.2682002439707149 -0.68379856823878
-0.2581068857848207 -0.6737312080261391
-0.24827525905617534 -0.6611504341588539
-0.2385190466395675 -0.6484843154298335
-0.22816803799054447 -0.6371380468931044
-0.217717824178223 -0.6268479376136942
-0.2082244195378304 -0.61718765790946
-0.19800537400411478 -0.6054964370705841
-0.1876648508869561 -0.5948452124204321
-0.17829271513389672 -0.5816190375840727
-0.1682147554990188 -0.5728504388637304
-0.1573852734910081 -0.5652303373907356
-0.14783828385166362 -0.5507529391760565
-0.1376084221814312 -0.5427175805956295
-0.1273819559390711 -0.5345417600094203
-0.11706916642021882 -0.5241599361252608
-0.10736818263755035 -0.5135491763306909
-0.0964146058315035 -0.5082034089941927
-0.08532023919699257 -0.4985793268198901
-0.07400735822406837 -0.49189412334687493
-0.06267147774094489 -0.485021451285466
-0.05217573479269959 -0.47484218121425537
-0.04111419939760824 -0.4665912191178565
-0.030041992968424615 -0.4601853673090974
-0.01804742269655779 -0.4526227501708226
-0.007879954520969462 -0.44283339823083195
0.0019350611211745629 -0.43192837543869816
0.014055339646919164 -0.4278014882039213
0.0255535794951232 -0.42149195506156756
0.03805040450261797 -0.41591137416201196
0.04935304305895419 -0.410188726464329
0.060693597018197556 -0.40427097074367074
0.0716037871215346 -0.39527767952526577
0.08326093368865377 -0.38797723526584177
0.08195918296230759 -0.3930263152261784
0.0710989622685135 -0.4041479492832018
0.060556942793471145 -0.41608705998022594
0.049625694523964786 -0.4269492833972857
0.039326772437271416 -0.43962246090333523
0.029279372894732626 -0.4531879865973367
0.016682259110508805 -0.4586885591417991
0.007156595563038052 -0.47402404562078054
-0.005115163415847766 -0.48217197612775614
-0.01615134458101239 -0.49013670997860415
-0.0270130684831609 -0.5030784124061506
-0.03819827220225287 -0.5148545197086384
-0.04774255298438187 -0.5287198198889097
-0.059743871346345 -0.5370354447668043
-0.06999691630114531 -0.5506413510249338
-0.08097909028254703 -0.5608763919889492
-0.09193878320546017 -0.5741889952011215
-0.10258818765906916 -0.586377755229592
-0.11290255835639576 -0.597440162382306
-0.12347684002343777 -0.6105378778410042
-0.1341215609268545 -0.6235370570916553
-0.1449792283385724 -0.6352743855021442
-0.15574372979488843 -0.6480552728232575
-0.16626880798099902 -0.6585377438726594
-0.17724619030998456 -0.6698993266657809
-0.18795617652480198 -0.6847215782309978
-0.19841046335463172 -0.6972494467010409
-0.2096021043468216 -0.7070267410939106
-0.22066574475724438 -0.7190957954475926
-0.2305871706982655 -0.7352192584854732
-0.2419414086950894 -0.7420931174615887
-0.2525907815238255 -0.7552905178154183
-0.26327956081633413 -0.7709185174298125
-0.2740915249386824 -0.7852100077292471
-0.2854690574210905 -0.7978387750464999
-0.2964664191870502 -0.8132266869735782
-0.30737974321719347 -0.82202260379173
-0.3181613976820673 -0.8401553905516908
-0.32905892809231285 -0.8569490098831996
-0.34043607835140616 -0.8636712827749626
-0.3513211462109681 -0.8705559360218943
-0.3619085211964313 -0.873260564597164
-0.37140301117749946 -0.8668389451005608
-0.37984193047161163 -0.8584011094548228
-0.38880956807576417 -0.8508138584008972
-0.39105755708384815 -0.8380431831608565
-0.3938791511187798 -0.8249606417733877
-0.3892928317843635 -0.8076759134632397
-0.38492238162819903 -0.7917693983419475
-0.37933451938101986 -0.7744891817862654
-0.3753309109684175 -0.7587389767480373
-0.3701358982317829 -0.7416102049634242
-0.3660604435478363 -0.7251093168821506
-0.363087123230302 -0.7092414515385941
-0.3570721886053248 -0.6921094842962142
-0.35265798684622546 -0.675261574417026
-0.3506243715084159 -0.6604998811901511
-0.3479779256011148 -0.6440287260975986
-0.3467781628229314 -0.629078069114645
-0.34397460332445934 -0.6130616265846919
-0.3417020381563553 -0.5979828407511414
-0.3392412369854704 -0.5820797760513684
-0.3360913380948424 -0.5656621116986589
-0.33483980922083706 -0.5504323757008635
-0.333431038731124 -0.5343813901548117
-0.3353511942359037 -0.5218139780327249
-0.3337166356899077 -0.5061540541221013
-0.33224926033012075 -0.4905331116301315
-0.330947985450817 -0.47494814706353083
-0.32953981379768393 -0.45853552121257907
-0.3318434895343683 -0.4452722816510714
-0.3296530433755038 -0.42950854137986244
-0.33358203967601113 -0.4165493914006711
-0.3322600602200077 -0.4005381088220894
-0.3334937296446848 -0.38621957932812645
-0.3340769090895805 -0.37135305946608044
-0.3340261704980878 -0.35593803980702277
-0.3325817723459099 -0.33941384684961073
-0.33575414720618646 -0.32537844846103475
-0.3369475648155177 -0.31052058033111324
-0.3413339858668021 -0.29785554547807347
-0.341123378486959 -0.2810242375853935
-0.34351299825088205 -0.2666734883386671
-0.3452980693750481 -0.2517524635941131
-0.3464956289594196 -0.23626041369666467
-0.3500577073218871 -0.22237013487674942
-0.34950785755415614 -0.20604049615194003
-0.3539641705899539 -0.1917586755249953
-0.3544739039248181 -0.17589586465106613
-0.35648122256013437 -0.16020822970754836
-0.35936581322207867 -0.1450047583479583
-0.3576690263799497 -0.12768651384985277
-0.34591380517939463 -0.13373903193846956
-0.3378979990090581 -0.14413459226209183
-0.3295488254866974 -0.15644278126142486
-0.32263245561522846 -0.16890949914454703
-0.31725949763684136 -0.18244506299097105
-0.31057403921890026 -0.19474116851226492
-0.3055716842524727 -0.209003643598985
-0.30057417347032855 -0.2223461367411828
-0.2942282713654626 -0.2344347283430952
-0.29020304804984787 -0.24827958518840007
-0.285561815927928 -0.26148203420597554
-0.28028745019042134 -0.27403232285566287
-0.27890305961921885 -0.2896459753337038
-0.27691938631843155 -0.3046389008623263
-0.27643604103889324 -0.32000973641452163
-0.27223197640786406 -0.3322647142780829
-0.26833477009803625 -0.3453753721931508
-0.26906336007778286 -0.36141352954790334
-0.2670128510001 -0.37581295776005613
-0.26783943643997243 -0.39102555182991255
-0.2676944044145868 -0.4067483650220957
-0.2647728081773466 -0.418823034398605
-0.2687692457475901 -0.43693461512879006
-0.26802159052603647 -0.451243972165173
-0.2704707227390344 -0.4672733583974658
-0.2739364834218808 -0.48398323133420346
-0.2753500984145069 -0.49971125483462153
-0.2766264316783054 -0.5145996359128385
-0.2800955225108419 -0.5317118392019392
-0.28517141097183935 -0.5492524712002895
-0.28696145266913914 -0.5643077115339299
-0.2901384149764697 -0.5809581130848512
-0.29226320957623636 -0.5961380526593414
-0.2949182257057532 -0.6122913659258147
-0.3018733059058979 -0.6307544792250915
-0.30453026187233534 -0.6461393117205864
-0.31099864670467386 -0.6640902160307343
-0.31585023529133843 -0.6808585194613747
-0.3203947004595358 -0.6980016397969814
-0.32793063542182815 -0.7170597314820685
-0.3231569251798034 -0.7164707461965253
-0.3178853335551529 -0.6995250630630768
-0.31097371190073975 -0.681403552076609
-0.30336837461772864 -0.6627045611179779
-0.2987138719355876 -0.6459563417022075
-0.29245117240940466 -0.6280001745884023
-0.28819364161340055 -0.6113821613263899
-0.28093202667364264 -0.5931558920280304
-0.2753055880488239 -0.5753538464412775
-0.2733925018444148 -0.5602169926117985
-0.26675533224936354 -0.542121088095904
-0.26033546603578184 -0.5240519379828267
-0.2546826402236129 -0.5057752994967173
-0.2487006646396756 -0.48776593683260494
-0.24293528253046245 -0.4697828851965322
-0.24127778607679426 -0.4543183779051976
-0.2359181299402214 -0.4364083629209645
-0.23077351899001614 -0.41852173240171675
-0.2258436232373678 -0.4006575294299507
-0.22170030994798964 -0.38261393161541085
-0.21720163180436639 -0.36479541726591735
-0.21291652654162244 -0.3469951534484298
-0.20884467011149863 -0.32921147304117865
-0.2094236229229407 -0.3147611506547589
-0.2057389302552438 -0.29702318496467645
-0.2051200798288748 -0.28122071215197547
-0.20183666244855222 -0.2635112883719366
-0.19876466340081742 -0.24580622237234884
-0.1964974209531567 -0.22792692281764199
-0.19385036079565238 -0.21022478279197282
-0.19141479332948716 -0.1925181892050097
-0.18919093556536837 -0.17480388305830655
-0.18717910583923533 -0.15707839533323165
-0.185379735005247 -0.13933803840778955
-0.18379337829958198 -0.12157889610112063
-0.1784363474775662 -0.1312029502442757
-0.17616445733537903 -0.14637408313052777
-0.17334930344832136 -0.16079864907419994
-0.1735000281835803 -0.1781462367690701
-0.17230612156863187 -0.19313977681782385
-0.17198614979773202 -0.20887131614450263
-0.171239068423039 -0.22476608121309435
-0.17051767024677586 -0.239782699707135
-0.17293280808533507 -0.2577644341882459
-0.17405650599156447 -0.27429412770276945
-0.1721426232798788 -0.28700546494056706
-0.17513493451658635 -0.30506472593895695
-0.17601319949298044 -0.3209425113490387
-0.18000400844743875 -0.33890390389847025
-0.1842129850613861 -0.35689183665016877
-0.18864075822514026 -0.37490823463590334
-0.19328797485965915 -0.39295485130008423
-0.19815529148765398 -0.41103326719161426
-0.20324336577674215 -0.4291448881057789
-0.2085528480327683 -0.44729094271173164
-0.21408437262486396 -0.4654724796998514
-0.22119608322275297 -0.48014022038725884
-0.22712579925065607 -0.49836510815405277
-0.2332785322851376 -0.5166264122632228
-0.23965474879031323 -0.5349244450876551
-0.2430739814188796 -0.5514216424266601
-0.2382567034850618 -0.5502423320482294
-0.2316797229363476 -0.5318433076363389
-0.22477533857893536 -0.5136939790598607
-0.21864570118896082 -0.4953678825115983
-0.21110506509602825 -0.4817219720855997
-0.20451846525588777 -0.4647303139398282
-0.19724278898605987 -0.4510391131111824
-0.19099691591130202 -0.434049841636566
-0.18247358313771297 -0.4237341504465151
-0.17685588158455096 -0.40564891371857725
-0.16952069251010432 -0.3920203158106227
-0.16253295752016494 -0.3792647722651766
-0.15708601823534038 -0.3622555672349722
-0.15013057349042178 -0.34854371508438603
-0.1436776569407794 -0.33375734574731913
-0.13618951131517387 -0.32205343809208387
-0.13017723556092062 -0.30811860523902274
-0.12388020417425695 -0.2951869584320443
-0.11878723180329312 -0.2782720500949855
-0.11317656428591817 -0.26429104419501104
-0.10754276195274311 -0.24938783800913997
-0.10461805209973009 -0.23128675821431682
-0.1019149095034264 -0.21321549607149545
-0.10075123479780508 -0.19589111682164553
-0.09979064155775759 -0.1785936433965101
-0.10183588981007573 -0.16455291708198932
-0.10461672460666377 -0.15042392155933246
-0.10813553357651368 -0.13619492822101079
-0.11450782152335566 -0.12513015914259942
-0.11826953202297392 -0.11085410695189814
-0.1234998106372239 -0.0981246162700949
-0.12560015787321685 -0.08234024163554114
-0.13046945747135325 -0.06965687763639286
-0.13416135667979415 -0.05537776377014259
-0.13735671634304278 -0.040288190431418756
-0.1400952364966329 -0.02528749183778209
-0.14298193234249637 -0.009348204169170744
-0.14359379703946995 0.008820836307555133
-0.14925455891278086 0.020869420039977937
-0.1508397551430745 0.03836575314574753
-0.15142903883303913 0.05655727780752504
-0.1522476139379813 0.07481969436071069
-0.15199060345722512 0.09195914473978113
-0.15326109321858358 0.1103790970388997
-0.1478636052238902 0.12006759333313943
-0.1460950911946317 0.13514002076878814
-0.13962412457592172 0.1383146020677693
$EndThetaValues
$RotorRadiiValues
0.0 11.465794061885362 11.854987098704493 -1.2665144101420713 -1.1752334131801323
0.01774911103723047 11.472914431805108 11.835322921537893 -1.2807092120757742 -1.1958264079207424
0.03549822207446094 11.484343031263533 11.822892438627848 -1.2932737170904216 -1.2154184430801127
0.053247333111691414 11.493286888432502 11.805426169824974 -1.3073136073837222 -1.2358197047618718
0.07099644414892188 11.498045912505464 11.784406318453929 -1.3231909032569604 -1.2568637497639885
0.08874555518615235 11.500501335474285 11.760880068721377 -1.339998895289218 -1.2784453617569689
0.10649466622338283 11.5132625779724 11.750342752981126 -1.3530949321786954 -1.297964374173358
0.1242437772606133 11.523467774621434 11.734959323827916 -1.3673710818811196 -1.3183609034534065
0.14199288829784376 11.529437454002112 11.71610718502399 -1.3831760945598446 -1.3394643722629467
0.15974199933507424 11.528620779663797 11.696256261470744 -1.4011876355748798 -1.3608881990497312
0.1774911103723047 11.531478952725363 11.676829637366488 -1.4180230142772274 -1.3823897793349775
0.19524022140953518 11.542004526436779 11.663460970504332 -1.4325147771825295 -1.4028199540569406
0.21298933244676566 11.550809304376314 11.648740852536429 -1.4476573052135167 -1.4236232553905226
0.2307384434839961 11.551224583447683 11.630306540549249 -1.4652859276892853 -1.4453635019818807
0.2484875545212266 11.559978357708587 11.617562588488282 -1.4805431811719643 -1.465991519558775
0.26623666555845704 11.578041448379048 11.61191265588811 -1.4934132416820565 -1.485051139898868
0.2839857765956875 11.58619557403493 11.598234594854938 -1.509062899974722 -1.5060671930668383
0.301734887632918 11.593142379618348 11.585099586957638 -1.5250689477873833 -1.5270907567825533
0.3194839986701485 11.590158736583488 11.57025208681099 -1.5435617523889427 -1.548723963483606
0.3372331097073789 11.581174572074348 11.558366128657696 -1.5635959177781045 -1.5697409876152353
0.3549822207446094 11.581561982141633 11.547566989136742 -1.5812450290598004 -1.5905983407111868
0.37273133178183987 11.593945716608914 11.53912683091579 -1.595866399649799 -1.610880405053133
0.39048044281907035 11.609282094026742 11.531694919636386 -1.6099126249556956 -1.6309438346785332
0.40822955385630083 11.61824271607958 11.522026160330835 -1.6255772201770229 -1.6518355897336914
0.4259786648935313 11.61620178398099 11.50980365153866 -1.6437962838729876 -1.6738034351115252
0.44372777593076174 11.607730968549774 11.499478585951907 -1.663526497277005 -1.6953711623037293
0.4614768869679922 11.603190032153519 11.490850086154383 -1.6823587118180259 -1.7165276784082826
0.4792259980052227 11.617063365497273 11.485708745119684 -1.6968448852292943 -1.7364173911799572
0.4969751090424532 11.635736300436458 11.49092691971921 -1.7104041946172808 -1.751994574585059
0.5147242200796837 11.655027774832627 11.495902255477851 -1.724040030780487 -1.7677537755773889
0.5324733311169141 11.67774456775055 11.500073018588749 -1.7371915584849866 -1.7838896833272628
0.5502224421541446 11.701596109799459 11.505062817198652 -1.7503649601449214 -1.7997686627505183
0.567971553191375 11.72481291750896 11.510296140188588 -1.7638783759457577 -1.8156204037060166
0.5857206642286055 11.744509897367612 11.518749246369131 -1.7781850903031244 -1.830429011428678
0.603469775265836 11.7692944577151 11.52525467714141 -1.7917804463668565 -1.8460087825503682
0.6212188863030664 11.789871950591465 11.533883409639857 -1.8062181390439966 -1.8609921206376838
0.638967997340297 11.810838640621695 11.542933257949866 -1.8207104631318338 -1.8759627693411138
0.6567171083775274 11.832089448430134 11.55168827168259 -1.8352703383443825 -1.8911303098057481
0.6744662194147578 11.857469230805556 11.560290131643695 -1.849346651832183 -1.906434726385125
0.6922153304519884 11.881578574033751 11.570698702874237 -1.863733701185153 -1.921335382765407
0.7099644414892188 11.906043234178817 11.58078090223382 -1.8781881840872436 -1.9364290042581713
0.7277135525264493 11.922855066305376 11.595649715970374 -1.8937372875965752 -1.9504282487826083
0.7454626635636797 11.945747791939164 11.607369715812895 -1.9085695790276924 -1.9653469992158024
0.7632117746009102 11.960361520905993 11.621510416050159 -1.924502038623424 -1.9798127620332722
0.7809608856381407 11.976960181116578 11.636345923940032 -1.9402286124391557 -1.994256787320246
0.7987099966753711 12.000184797311073 11.648546305522999 -1.9552175196951649 -2.0093850437163523
0.8164591077126017 12.012143050125784 11.665894545001985 -1.971575815439969 -2.0235444444103243
0.8342082187498321 12.02861483370178 11.680302911394795 -1.9874416518072644 -2.0384238976888067
0.8519573297870626 12.035452690389764 11.699315885827383 -2.0044197315009677 -2.0525270330406276
0.869706440824293 12.04662336468749 11.717308443206292 -2.0209224846780547 -2.0669603829574803
0.8874555518615235 12.069492236945788 11.732778481769333 -2.036169747438229 -2.0819543521794133
0.905204662898754 12.102681350570467 11.74431748623753 -2.0504013191614803 -2.097702088757166
0.9229537739359844 12.136273073342329 11.757367215617215 -2.064718815612935 -2.113239811410866
0.940702884973215 12.175965608872014 11.768116306071253 -2.078568753144452 -2.129206796322876
0.9584519960104454 12.216772996317477 11.77817380130129 -2.092473162341407 -2.1453191834127967
0.9762011070476758 12.258191651733183 11.78980720293785 -2.1064784378268753 -2.1612105956312373
0.9939502180849064 12.297543943638066 11.802684776121229 -2.1208088737897555 -2.1769457611812832
1.0116993291221368 12.340821941111944 11.814071863385795 -2.1349442791753583 -2.1929495252239777
1.0294484401593673 12.37246649929964 11.830153595197904 -2.1501425711318705 -2.2082877607341347
1.0471975511965976 12.423242254308228 11.84092901278652 -2.163950991794116 -2.224455333247617
1.0649466622338282 12.465568958560475 11.85444755954696 -2.1785507545010834 -2.2402569765779843
1.0826957732710587 12.511339377658032 11.868934527607845 -2.193025067762111 -2.255962546925743
1.1004448843082892 12.554909331143175 11.88341382798785 -2.2077765007907484 -2.27171212230199
1.1181939953455196 12.609238535203358 11.896291362864478 -2.221942369768805 -2.2877174320447784
1.13594310638275 12.65412683053099 11.911782872243219 -2.236853776971683 -2.3034100618101796
1.1536922174199806 12.691925905752454 11.930378596419013 -2.2522954813041807 -2.318747541980171
1.171441328457211 12.748494029130875 11.944913705009029 -2.266725277212095 -2.33465297495421
1.1891904394944415 12.802287335552288 11.960703008806336 -2.281459750459301 -2.350438661124614
1.206939550531672 12.860592306079115 11.976495296662167 -2.2960895901856593 -2.366263346915442
1.2246886615689025 12.90820946575279 11.9946754066461 -2.3114002904499142 -2.3818438147609395
1.2424377726061329 12.971905910817458 12.0111779432825 -2.326033716223514 -2.3976659819016954
1.2601868836433634 13.03328475600647 12.027615063819713 -2.340931485680617 -2.4135335729637113
1.277935994680594 13.082503854030806 12.047569509951542 -2.3564964382961424 -2.429047217198824
1.2956851057178242 13.149436373790767 12.064853892817895 -2.3714151323153536 -2.444901446740361
1.3134342167550548 13.217323479982266 12.082925953068393 -2.3864509877438342 -2.4607088816135736
1.3311833277922853 13.286133864239973 12.101805632092532 -2.4016044969700845 -2.476471137550474
1.3489324388295156 13.355834987767254 12.12151293076135 -2.416876076100616 -2.492189933333521
1.3666815498667462 13.42639304625345 12.14206783389407 -2.4322660613745546 -2.5078670931334672
1.3844306609039767 13.487637264314243 12.16541609638144 -2.448084114160822 -2.5233170342174063
1.4021797719412072 13.559596054358193 12.187642420281835 -2.463697590519522 -2.5389290325407154
1.4199288829784376 13.590182764967464 12.18877855918621 -2.480581247030613 -2.5565702152884846
1.437677994015668 13.534554825648584 12.161381874415838 -2.499922991248969 -2.5769575982681294
1.4554271050528986 13.496285610387792 12.134933193177966 -2.518816374355251 -2.5973266517025975
1.473176216090129 13.448710239845889 12.109561897585206 -2.5380447261059427 -2.617659722467594
1.4909253271273595 13.401100526743901 12.08477204898084 -2.55733867450971 -2.6380038637880974
1.50867443816459 13.358706419683179 12.058897469294998 -2.5765191878234397 -2.658539531438718
1.5264235492018203 13.320473307667452 12.033226066024538 -2.5956054571303007 -2.6791363409051514
1.5441726602390509 13.284771633026601 12.010302853729694 -2.614643749018107 -2.699502083490496
1.5619217712762814 13.241819013442655 11.986055687415933 -2.6339970718432006 -2.720099031994419
1.579670882313512 13.20293705199148 11.961977435095625 -2.653249756037687 -2.7407623649390764
1.5974199933507423 13.154996946292401 11.940555847149925 -2.672921915249472 -2.7611806949640973
1.6151691043879728 13.123428280682871 11.9179518906764 -2.6919802271014612 -2.7818292705821195
1.6329182154252033 13.096136577575203 11.894165483869642 -2.7108892970907537 -2.802727341840431
1.6506673264624336 13.044658328293322 11.87363291402559 -2.730899271353328 -2.8232806614998243
1.6684164374996642 13.016302444115272 11.85209083398459 -2.7499355399579963 -2.844063391528766
1.6861655485368947 12.987612849997737 11.831035395796963 -2.7690180170541385 -2.864874444304673
1.7039146595741252 12.951422354861888 11.81029257102935 -2.7884947586388105 -2.885740522354256
1.7216637706113556 12.91471741018668 11.791234061429321 -2.808049510976393 -2.9064479507445196
1.739412881648586 12.896335904042235 11.77024848384813 -2.8267236083693836 -2.927567370638884
1.7571619926858166 12.863433671971949 11.7495757441412 -2.846163827263917 -2.948761883626798
1.774911103723047 12.840724917763405 11.72910539362233 -2.8651071936487087 -2.970056426395295
1.7926602147602775 12.81750631069989 11.709216645407055 -2.8841007624748487 -2.9913899597096933
1.810409325797508 12.783357007329998 11.691363122052916 -2.903724195075147 -3.0124854850174807
1.8281584368347383 12.755890852307694 11.673136228689138 -2.9230198250064854 -3.0337894095164577
1.8459075478719689 12.734701115235598 11.65550213604954 -2.9419864374124707 -3.055124745228591
1.8636566589091994 12.709838264846613 11.637093877733856 -2.9611918181487686 -3.0767894526990966
1.88140576994643 12.677905071743373 11.622059997059093 -2.9808563657213574 -3.097881862397669
1.8991548809836603 12.642670914785054 11.608047222472376 -3.000779522845652 -3.1188787296976104
1.9169039920208908 12.629431375752123 11.591425681155638 -3.0193624438703663 -3.140665054529385
1.9346531030581213 12.609291202050137 11.576359109212518 -3.0383980841725267 -3.1622703923425233
1.9524022140953516 12.59158117056673 11.560764632020133 -3.0572968960858438 -3.1842383381607315
1.9701513251325822 12.573522051293574 11.54736523240072 -3.0762364704925447 -3.2058268863386656
1.9879004361698127 12.55495668969685 11.534597990988747 -3.0952288556246543 -3.2274499177623186
2.0056495472070432 12.526958313119938 11.522959007342193 -3.114891136972441 -3.248945379158317
2.0233986582442736 12.504423914575378 11.511224563125943 -3.1342143152143063 -3.2707173071026556
2.041147769281504 12.519990360853477 11.512498888452912 -3.1508727748612815 -3.2880162030439726
2.0588968803187346 12.55457193205721 11.523483575438933 -3.166251277346185 -3.302018958328495
2.076645991355965 12.592137222634891 11.534747784143816 -3.1815043100683784 -3.3161486673477416
2.0943951023931953 12.626703924942744 11.547050307167485 -3.197026492689406 -3.3301635513279075
2.112144213430426 12.667493182802744 11.559217865902445 -3.212230537747651 -3.3444128026654893
2.1298933244676563 12.711690745987305 11.57162446836617 -3.2273189331144647 -3.358765451640175
2.147642435504887 12.729766966890905 11.587923118334556 -3.244007927784283 -3.3722822917326827
2.1653915465421174 12.780624939769329 11.600793744081471 -3.25885867321199 -3.3868511150937906
2.1831406575793477 12.807917820111461 11.618062909368213 -3.2751021376637794 -3.400529614915915
2.2008897686165785 12.83477536144618 11.634250469011839 -3.2914024669427775 -3.414644378683355
2.218638879653809 12.878784190904721 11.650785169916752 -3.3068460160769084 -3.4288418955980378
2.236387990691039 12.919217193362156 11.668432752300632 -3.3225494222602414 -3.442960733744061
2.25413710172827 12.96728444073307 11.683985381544549 -3.337953639184481 -3.457634532138374
2.2718862127655 12.996345891438626 11.704182242484094 -3.354329459028564 -3.471546739593495
2.2896353238027305 13.044263478700898 11.721997480613242 -3.3698849855709945 -3.486045159663382
2.3073844348399613 13.080603071839297 11.741647457502179 -3.386027583508877 -3.5003410339779104
2.3251335458771916 13.128236105162488 11.761837568067266 -3.4017430448604777 -3.5146742128339667
2.342882656914422 13.172201292419091 11.782006309410807 -3.4176855213770145 -3.529133716954644
2.3606317679516526 13.212387519313607 11.802052738183379 -3.4338406258325436 -3.5437251473452784
2.378380878988883 13.260306151658195 11.823122580194006 -3.44975850007466 -3.5582666497982496
2.3961299900261133 13.308216103845904 11.844857573308815 -3.4657500415846076 -3.5728176878216162
2.413879101063344 13.35176661399959 11.867564281304462 -3.481963271493912 -3.5873372926237677
2.4316282121005743 13.399493025327628 11.890605769462264 -3.498094867323847 -3.6019176370953554
2.449377323137805 13.438865555991518 11.913639137852899 -3.5145599206884475 -3.6166007991841904
2.4671264341750354 13.481765390815877 11.938187730202959 -3.530960444357796 -3.631186822253107
2.4848755452122657 13.538072102591576 11.962649453184005 -3.5470173811626715 -3.6458844806971404
2.5026246562494965 13.585951357230543 11.987008346371036 -3.5633952702079057 -3.6606884158796085
2.520373767286727 13.623494958348257 12.013605814086246 -3.580111590928569 -3.675321724816251
2.538122878323957 13.670044244746935 12.040421528270686 -3.5966307879427646 -3.690028876175753
2.555871989361188 13.732570685623125 12.064904996174974 -3.6128138803912484 -3.7050827834826205
2.573621100398418 13.75934075068866 12.093423852345381 -3.629922009958543 -3.719785845677273
2.5913702114356485 13.810919554235277 12.12065054729397 -3.646484874424069 -3.7347156421531995
2.6091193224728793 13.87229352158374 12.148437149427 -3.6629043182897743 -3.7496720225723985
2.6268684335101096 13.92868410425415 12.177005533500651 -3.6795081789369104 -3.7646343097733213
2.64461754454734 13.97871297308456 12.207562356397242 -3.696301063344642 -3.7794925709368563
2.6623666555845706 14.039909524622306 12.237572522345234 -3.712955205658944 -3.7944884760236524
2.680115766621801 14.075000934953298 12.267807324982961 -3.730112798215884 -3.8095456356067956
2.6978648776590313 14.14757936101453 12.298114626913796 -3.7467207455683003 -3.824674906320638
2.715613988696262 14.215062358973231 12.329182442077474 -3.7635061268495935 -3.839816326104488
2.7333630997334923 14.242141074331592 12.362076475058974 -3.7808943559601627 -3.8548864923354387
2.7511122107707227 14.269910838377777 12.39397930549692 -3.798288519444278 -3.8701143869716974
2.7688613218079534 14.280830058123666 12.425407697092316 -3.81590223165714 -3.8854507172641766
2.7866104328451837 14.25491352482616 12.453920365988617 -3.83397653843498 -3.9010693778165013
2.8043595438824145 14.220908627301093 12.479519863598384 -3.8521725266932982 -3.9169514081350605
2.822108654919645 14.190381024725175 12.506984245536701 -3.8703425459642773 -3.9327439006461917
2.839857765956875 14.139109241468457 12.5139106652399 -3.8888411674395176 -3.9500069728533163
2.857606876994106 14.086739458003619 12.522627932000516 -3.907411869659529 -3.967148549896441
2.875355988031336 14.017805464580242 12.50847185632932 -3.926330668751435 -3.9858865966465684
2.8931050990685665 13.954646518309861 12.49504652921697 -3.9452416728781037 -4.004584999716987
2.9108542101057973 13.886359311856397 12.477973865331077 -3.9643467623019975 -4.023557630611856
2.9286033211430276 13.824435284351233 12.465805819412246 -3.983417603559499 -4.0421901227884875
2.946352432180258 13.757457905816846 12.450097348954158 -4.002697854434 -4.061093878251719
2.9641015432174886 13.69332006330282 12.43783831575307 -4.022015100885693 -4.079755417971026
2.981850654254719 13.632020109046008 12.428930347507597 -4.04135906991581 -4.098173872317793
2.9995997652919493 13.56627611581127 12.41100286804594 -4.060926446504181 -4.117286480255835
3.01734887632918 13.502091800824552 12.39792617151568 -4.080561945795727 -4.136044244979145
3.0350979873664103 13.446257784855547 12.391924639376379 -4.100044482469943 -4.154260320872819
3.0528470984036407 13.384423550893478 12.384136257838938 -4.119817178305489 -4.172619267118035
3.0705962094408714 13.328741756868373 12.380613520032776 -4.139485165930461 -4.190645646562164
3.0883453204781017 13.269580667882122 12.372401526362333 -4.159377054235106 -4.209044612421377
3.1060944315153325 13.214365711891395 12.36576530589131 -4.179226210141566 -4.227322492444191
3.123843542552563 13.156660469662157 12.358600107914636 -4.199277429919909 -4.245646183805276
3.141592653589793 13.097679416897154 12.34945997305377 -4.219497455885055 -4.264133825752047
3.159341764627024 13.043524109431392 12.3458382450141 -4.23962461742848 -4.282177322284626
3.177090875664254 12.987051753379385 12.341768214032689 -4.259969737623668 -4.30025845083591
3.1948399867014845 12.943282257791118 12.347317433957114 -4.279815824002773 -4.31755519080145
3.2125890977387153 12.889309079863601 12.342592745824806 -4.300257145288057 -4.3356893084976065
3.2303382087759456 12.83611660512758 12.338359486061682 -4.320779396235979 -4.353784831168442
3.248087319813176 12.783711005913311 12.334611906292803 -4.341382486093641 -4.371841761281651
3.2658364308504066 12.729262852429462 12.330563362371201 -4.362231271410863 -4.389924633822104
3.283585541887637 12.685834131144002 12.337190239287073 -4.382555728353694 -4.407128087659476
3.3013346529248673 12.634901463123436 12.330888636294988 -4.403447469837079 -4.425395993300686
3.319083763962098 12.593600982364356 12.34220412426931 -4.423846442191652 -4.442215718694475
3.3368328749993283 12.543303599787894 12.338390614540431 -4.444951922951244 -4.460276945093922
3.3545819860365587 12.49902472233602 12.341949180495945 -4.465779423884589 -4.477734771752591
3.3723310970737894 12.45376955308621 12.343633290483758 -4.486801168059909 -4.495346369373017
3.3900802081110197 12.407636575653713 12.343486718620477 -4.508025430957971 -4.513107439893377
3.4078293191482505 12.359101998387187 12.339318076880687 -4.5295915889494625 -4.531197378611322
3.425578430185481 12.318641291628229 12.348483642609281 -4.550656928646308 -4.548198863497161
3.443327541222711 12.276591674762855 12.351940993622764 -4.571990137710879 -4.565667622189541
3.461076652259942 12.24139605271237 12.36469226498955 -4.592853590190195 -4.582390517803779
3.478825763297172 12.19556500832241 12.364078464724784 -4.614825027337701 -4.600188749138699
3.4965748743344025 12.157355223048706 12.37105209018298 -4.6362486348729615 -4.6173814256018595
3.5143239853716333 12.118490624541748 12.376274670847668 -4.657890022234035 -4.634716163476487
3.5320730964088636 12.079088458712784 12.37978468346997 -4.679756757075598 -4.6521879004606825
3.549822207446094 12.044598320603475 12.390254900994892 -4.701262989284298 -4.669114915992367
3.5675713184833246 12.005083494380694 12.388635785048194 -4.723506650761454 -4.686990640067701
3.585320429520555 11.97145471045521 12.401788558136102 -4.745254282147501 -4.703716626446537
3.6030695405577853 11.935139283009239 12.403297454639615 -4.767517094506565 -4.721349147789325
3.620818651595016 11.900315417538406 12.409248251066485 -4.789803635263977 -4.738640010262087
3.6385677626322463 11.867618306869808 12.417824259118428 -4.8120183997424615 -4.755733058458272
3.6563168736694767 11.831655483403933 12.41277614858382 -4.834934161837395 -4.773867730598203
3.6740659847067074 11.844067443295776 12.378078742260447 -4.850868064828728 -4.794315486437364
3.6918150957439377 11.86577856970002 12.35469806486685 -4.865523323363767 -4.813932256304854
3.709564206781168 11.89212019231264 12.33058924849611 -4.879649001387106 -4.833650271657594
3.727313317818399 11.919495710584581 12.310808697988298 -4.893772640313289 -4.8530485411722495
3.745062428855629 11.949999332418646 12.29556288713199 -4.9076372740049585 -4.872090094167761
3.76281153989286 11.978404954060144 12.276741507797977 -4.921905221863092 -4.891461105929129
3.78056065093009 12.01217003116769 12.262767229379113 -4.935674243324837 -4.910433725790203
3.7983097619673205 12.044539426237511 12.248900144729049 -4.949757087790116 -4.929413618754788
3.8160588730045513 12.074509651699106 12.231427502759857 -4.964232855500049 -4.948737730225548
3.8338079840417816 12.109572975810595 12.220423971531716 -4.978290346526665 -4.9674928824341595
3.851557095079012 12.143732384176475 12.207813540772817 -4.992576837970306 -4.986408730010438
3.8693062061162427 12.176847852131495 12.193583681009923 -5.007087236985582 -5.005492462746416
3.887055317153473 12.218906013156191 12.189866557544253 -5.020879874864799 -5.023593412405891
3.9048044281907033 12.260171817564277 12.184553341858546 -5.034906587156997 -5.041847776813034
3.922553539227934 12.30335347090053 12.183261038163074 -5.048918414448976 -5.059720196469716
3.9403026502651644 12.33840402904276 12.172059290793351 -5.063745620495854 -5.078545088853333
3.9580517613023947 12.37650109024856 12.161737113556262 -5.078426019830817 -5.0972966722532504
3.9758008723396254 12.423929673161858 12.16366231948841 -5.092502202106537 -5.114857988788197
3.9935499833768557 12.467268036175513 12.158249459136313 -5.107030125152292 -5.1331360657812715
4.0112990944140865 12.513811935260513 12.160429453320388 -5.1214552086706515 -5.150671777689728
4.029048205451317 12.562715229547397 12.160046758090084 -5.135854632641162 -5.1684583153125025
4.046797316488547 12.600809191049883 12.15235526619472 -5.151090761844655 -5.186962838366133
4.064546427525777 12.65880137895393 12.162884908028955 -5.165167745311708 -5.203679331081718
4.082295538563008 12.705323463695683 12.160910219962696 -5.18009840340835 -5.221621225435358
4.100044649600239 12.758154233380152 12.16738701729115 -5.194777255861053 -5.23873951259405
4.117793760637469 12.814010093763303 12.176592618357734 -5.209423775336517 -5.255599327034145
4.1355428716747 12.867290617719133 12.180360916779417 -5.224344083970124 -5.272986851428898
4.15329198271193 12.918338209149063 12.183769970284617 -5.23949716523181 -5.29041005920812
4.17104109374916 12.977721040484239 12.193067905784993 -5.254360659270035 -5.307276090194012
4.1887902047863905 13.03935149408534 12.206756571982025 -5.26926075176257 -5.323740309817847
4.206539315823622 13.092841251180896 12.211607694973562 -5.284652247676725 -5.341038344772279
4.224288426860852 13.152611466468453 12.22024779295363 -5.299888075360495 -5.357989523574399
4.242037537898082 13.207643595306655 12.226047990657023 -5.315431766290981 -5.375206852525699
4.259786648935313 13.266748644036735 12.233319797905294 -5.330923710862137 -5.39229360880062
4.277535759972543 13.334963693227389 12.252495933228168 -5.346205652388235 -5.408318856139617
4.295284871009774 13.392318673950511 12.259869748569107 -5.361990365644491 -5.425413729979119
4.3130339820470045 13.459802128107498 12.277931963125168 -5.377551918892923 -5.441580085686625
4.330783093084235 13.52336088575698 12.291581674455557 -5.393358645182159 -5.458151381482657
4.348532204121465 13.58883426824156 12.304446173997484 -5.409222201671854 -5.474804511498833
4.366281315158695 13.662175742552732 12.325945705342274 -5.424993239781205 -5.490751755660611
4.384030426195926 13.659900737233675 12.312302553438876 -5.442801630030118 -5.50964001925649
4.401779537233157 13.594675842169107 12.297333242357357 -5.462306855250184 -5.528656153199942
4.419528648270387 13.525434937141481 12.277862035857737 -5.482042696378649 -5.548080825980804
4.437277759307618 13.454572075685896 12.256641911597569 -5.501960563504467 -5.567692422762623
4.455026870344848 13.391633900388424 12.243762227675951 -5.521755240677043 -5.586591033745625
4.472775981382078 13.324744118840774 12.226561916565686 -5.541806312567185 -5.605898326551052
4.4905250924193085 13.263407340257736 12.214954167914286 -5.561786751663455 -5.624714241615099
4.50827420345654 13.196792575227544 12.195316924608685 -5.582095241325518 -5.644296860238738
4.52602331449377 13.132423328038152 12.180242145552537 -5.602457873677208 -5.663478669410264
4.543772425531 13.078254405922296 12.175144601131409 -5.622517947613471 -5.681717312339315
4.561521536568231 13.014203744760309 12.157570843830186 -5.643137109930511 -5.701174148354168
4.579270647605461 12.95104731045819 12.140738124636053 -5.663868921498517 -5.72058885022569
4.597019758642692 12.888011621806276 12.12605254618497 -5.6847540099185 -5.7398157050143
4.6147688696799225 12.826762719758378 12.110651625571634 -5.705710432175254 -5.759139921564138
4.632517980717153 12.7664924462618 12.095945351513587 -5.726778245381489 -5.778418060288157
4.650267091754383 12.715398257036616 12.091742458363864 -5.7474739579295955 -5.796608734545639
4.6680162027916134 12.657102173109292 12.078228968952159 -5.76874256863427 -5.8157917090844
4.685765313828844 12.599853031493526 12.065368767796397 -5.790120836030368 -5.834925783665542
4.703514424866075 12.54367570634055 12.053148041783357 -5.8116081028699735 -5.854009945906279
4.721263535903305 12.487980882166331 12.04295539248806 -5.83324756353367 -5.872887038521147
4.739012646940536 12.434044634598632 12.031969866923879 -5.854950922318325 -5.891866991723903
4.756761757977766 12.381250271173203 12.021585019346961 -5.876761011013516 -5.910794403761079
4.774510869014996 12.329620402291688 12.011788889311719 -5.898676992479404 -5.929668478881658
4.7922599800522265 12.28850999827219 12.013177455517289 -5.919891967175136 -5.947257323923726
4.810009091089458 12.239104125226433 12.004364377688624 -5.941992603654622 -5.966028205908344
4.827758202126688 12.196093712367913 12.002889875639328 -5.963707632486679 -5.983949337036072
4.845507313163918 12.14904459702794 11.995094006491867 -5.985999881613361 -6.00261310598224
4.863256424201149 12.103251639829669 11.987841905682105 -6.008393766344652 -6.0212209824810845
4.881005535238379 12.058300028605807 11.982515601317548 -6.030935944262716 -6.039605747244954
4.89875464627561 12.015101311634043 11.976325035790369 -6.053530384253011 -6.058098985974111
4.9165037573128405 11.973220989921288 11.970655820162657 -6.076223397571129 -6.076534655701376
4.934252868350071 11.93267994026843 11.965501841240863 -6.099013912159548 -6.0949122195870835
4.952001979387301 11.893499092638585 11.960857759402082 -6.121900835943758 -6.113231154909785
4.9697510904245314 11.855699499647564 11.956719039638761 -6.144883059616314 -6.1314909492048635
4.987500201461762 11.819302409975652 11.953081984352488 -6.167959459581376 -6.1496910963197795
5.005249312498993 11.838846099775143 11.940881239810224 -6.182810751647343 -6.168968908543114
5.022998423536223 11.87052036019535 11.935745008459847 -6.196044142255937 -6.187368923268988
5.040747534573454 11.90160619055371 11.929412133116589 -6.2095604418963495 -6.205926713843951
5.058496645610684 11.940224100350912 11.929750312004815 -6.2222992736226335 -6.22363246820914
5.076245756647914 11.974668374278696 11.927074313931255 -6.2357902155102725 -6.2417251964503935
5.0939948676851445 12.011852766177876 11.926358206850825 -6.249145099101824 -6.259566469954498
5.111743978722376 12.050490372883182 11.924687979012967 -6.262532330273736 -6.277530883000119
5.129493089759606 12.087961011425397 11.923077516301792 -6.276233785938059 -6.295488050834711
5.147242200796836 12.134042945269629 11.928478170591031 -6.289231222543172 -6.3125412218873915
5.164991311834067 12.177545258218151 11.93099974241896 -6.302705334418307 -6.329967119316136
5.182740422871297 12.211727126331171 11.92670834292006 -6.317228374559257 -6.34826695181263
5.200489533908528 12.261356244508105 11.933424973398944 -6.330487077132833 -6.365155500903466
5.2182386449457585 12.306002047839996 11.935403855358684 -6.344379313885013 -6.382652535084893
5.235987755982989 12.357619565462238 11.944438597850182 -6.357869325243634 -6.399259109821621
5.253736867020219 12.410467262712558 11.95404295205385 -6.37146465986749 -6.4158083848248975
5.2714859780574495 12.464524338390742 11.964230070930451 -6.385166370100102 -6.4323010382240895
5.28923508909468 12.519769451940455 11.975013704310706 -6.398975468816917 -6.448737798803872
5.306984200131911 12.576180671032182 11.986408169945317 -6.412892927051433 -6.465119449946785
5.324733311169141 12.633735420223227 11.998428322450046 -6.4269196715809365 -6.48144683353609
5.342482422206372 12.692410430730144 12.011089519899596 -6.441056582464644 -6.497720853804617
5.360231533243602 12.752181691377453 12.024407587834267 -6.455304490528092 -6.513942481112885
5.377980644280832 12.801094727685221 12.041719877232655 -6.470315342166613 -6.52974178747276
5.3957297553180625 12.862704127854531 12.056316720102892 -6.484769609616018 -6.545877313126405
5.413478866355294 12.925332345096171 12.071617018240984 -6.499336795403526 -6.5619639167384225
5.431227977392524 12.988952034159087 12.087637816241543 -6.514017501351465 -6.578002858249283
5.448977088429754 13.04702513006841 12.096297556600783 -6.529102956385016 -6.594840258146403
5.466726199466985 13.042851812782759 12.084110818258166 -6.547039249982524 -6.6138749382816995
5.484475310504215 12.978180136834899 12.067626117498405 -6.567773112771351 -6.633391212770917
5.502224421541445 12.915216355909221 12.05051318481527 -6.588585249031054 -6.653010255769242
5.5199735325786765 12.852509726592848 12.035486951063168 -6.609547063661582 -6.672432086708275
5.537722643615907 12.80640561489804 12.017218305627102 -6.62976665832549 -6.6922551198022
5.555471754653137 12.74972303603988 12.001458006541757 -6.650685313157645 -6.711830231994881
5.5732208656903675 12.704653132031732 11.984264211722985 -6.671063564304749 -6.731611929663519
5.590969976727598 12.649497116120628 11.969685717376745 -6.692168353832307 -6.751118851112757
5.608719087764829 12.616434207649522 11.95006445568982 -6.712005256078497 -6.771285805782934
5.626468198802059 12.559269613938506 11.93730575813247 -6.733506014234589 -6.790640440581892
5.64421730983929 12.516882160058989 11.920855641829084 -6.7541589035761485 -6.810500059697972
5.66196642087652 12.477761424694998 11.905406754028967 -6.774685182625621 -6.830274454820407
5.67971553191375 12.426444464946625 11.893515640775679 -6.796226499552893 -6.8496121592292685
5.6974646429509805 12.385799284771377 11.878525326407622 -6.817106229404753 -6.8694022849110885
5.715213753988212 12.34271030156131 11.864813881016879 -6.838304364658742 -6.889057331634031
5.732962865025442 12.309160640975138 11.849140661854085 -6.858836894272033 -6.909032919362883
5.750711976062672 12.269870476105282 11.836742756924863 -6.879961048076715 -6.928581044028453
5.768461087099903 12.23405732479957 11.823936627021107 -6.900901137343261 -6.9482251033141225
5.786210198137133 12.18817475355036 11.813713846973375 -6.922908873674127 -6.967514776376849
5.803959309174363 12.151090204004202 11.802592109519836 -6.944249665828468 -6.986969190181515
5.8217084202115945 12.112413450125217 11.791573128566545 -6.965897943839826 -7.006439140127086
5.839457531248825 12.066646827239287 11.785911755104175 -6.988479455321144 -7.025084931017048
5.857206642286055 12.02230705041897 11.780715235755531 -7.011156892656766 -7.0436648014787
5.8749557533232855 11.981094995626183 11.778488847933698 -7.033726217635415 -7.061772137475
5.892704864360516 11.941237690705398 11.776655844398308 -7.056379451572296 -7.079817224453617
5.910453975397747 11.909850240467167 11.780563848988724 -7.078175086298465 -7.0969364487182585
5.928203086434977 11.879153134580054 11.785909194645713 -7.1000543672605385 -7.113830893710102
5.945952197472208 11.849151907013972 11.792725479332908 -7.122020635488688 -7.1305014574585535
5.963701308509438 11.826464014420303 11.805217655784466 -7.143088311613532 -7.146305799871016
5.981450419546668 11.79803160107384 11.812681472276736 -7.165168665378219 -7.162911990794586
5.9991995305838985 11.77348712885223 11.823168917893938 -7.1868257949714485 -7.17907836656746
6.01694864162113 11.744123569134914 11.827416219559195 -7.20947933771311 -7.196193993946763
6.03469775265836 11.721398411735956 11.837341496036638 -7.231214986457713 -7.212479148737687
6.05244686369559 11.696752372430453 11.844939811799877 -7.253499327155382 -7.229122664262373
6.070195974732821 11.671799548270583 11.851566818285612 -7.276093530850202 -7.245917942934491
6.087945085770051 11.648118554621002 11.85728362537028 -7.2987106243103925 -7.262851867538514
6.105694196807281 11.62419851045231 11.863346884101517 -7.3216861538043325 -7.279743970439893
6.1234433078445125 11.598511345422576 11.864636938053604 -7.3454572325583305 -7.2973117322784535
6.141192418881743 11.582414126525062 11.876652845194435 -7.367235744050719 -7.313388104462959
6.158941529918973 11.560381682301633 11.880043747167258 -7.3908844752791945 -7.330670432318124
6.1766906409562035 11.53917585043828 11.881307186663257 -7.414824719689097 -7.348246203999574
6.194439751993434 11.519649241461368 11.883064837985824 -7.438843361819477 -7.365754694263101
6.212188863030665 11.502942962682468 11.882512656801497 -7.462521973407851 -7.383579333017446
6.229937974067895 11.486750643348289 11.885245182934307 -7.486688270482274 -7.400955269924755
6.247687085105126 11.478970853090255 11.873686827053827 -7.507829689915263 -7.420292948024395
6.265436196142356 11.467883082501016 11.869928392174515 -7.5308774445863245 -7.438564371392337
6.283185307179586 11.46570582752806 11.856297709050928 -7.54974564631827 -7.458232176624817
$EndRotorRadiiValues
