$SimulationHeader
$EndSimulationHeader
$Dimensions
4.1
16.2
24.0
-4.0
15.0
$EndDimensions
$DrawingSource
./InputImages/TulipTest.jpg
$EndDrawingSource
$DataCount
355
$EndDataCount
$XYCoordinates
19.37077625570776 26.0
19.166210045662098 25.86849315068493
19.04931506849315 25.649315068493152
18.859360730593608 25.503196347031963
18.610958904109587 25.44474885844749
18.318721461187216 25.43013698630137
18.201826484018262 25.225570776255708
18.01187214611872 25.079452054794523
17.763470319634703 25.006392694063926
17.485844748858447 25.035616438356165
17.20821917808219 25.006392694063926
17.01826484018265 24.86027397260274
16.799086757990867 24.74337899543379
16.506849315068493 24.74337899543379
16.30228310502283 24.62648401826484
16.21461187214612 24.39269406392694
15.980821917808218 24.29041095890411
15.747031963470318 24.202739726027396
15.469406392694061 24.231963470319634
15.235616438356164 24.33424657534247
15.016438356164382 24.319634703196346
14.841095890410958 24.15890410958904
14.680365296803652 23.9689497716895
14.461187214611872 23.852054794520548
14.168949771689498 23.852054794520548
13.90593607305936 23.92511415525114
13.67214611872146 23.95433789954338
13.526027397260272 23.77899543378995
13.67214611872146 23.58904109589041
13.803652968036529 23.399086757990865
13.90593607305936 23.179908675799087
14.02283105022831 22.960730593607305
14.13972602739726 22.756164383561643
14.329680365296802 22.59543378995434
14.461187214611872 22.390867579908672
14.636529680365296 22.230136986301368
14.81187214611872 22.069406392694063
14.972602739726026 21.908675799086758
15.118721461187214 21.718721461187215
15.294063926940638 21.54337899543379
15.454794520547946 21.368036529680367
15.703196347031962 21.251141552511413
15.878538812785386 21.09041095890411
16.097716894977168 20.98812785388128
16.31689497716895 20.871232876712327
16.477625570776254 20.710502283105022
16.726027397260275 20.62283105022831
16.915981735159818 20.50593607305936
17.178995433789954 20.447488584474883
17.41278538812785 20.359817351598174
17.58812785388128 20.199086757990866
17.69041095890411 19.979908675799088
17.807305936073057 19.760730593607306
17.880365296803653 19.512328767123286
17.938812785388127 19.26392694063927
18.01187214611872 19.015525114155253
18.099543378995435 18.78173515981735
18.157990867579908 18.53333333333333
18.289497716894978 18.34337899543379
18.318721461187216 18.065753424657533
18.391780821917806 17.831963470319636
18.464840182648402 17.583561643835615
18.537899543378995 17.349771689497715
18.567123287671233 17.07214611872146
18.640182648401826 16.838356164383562
18.757077625570776 16.6337899543379
18.78630136986301 16.35616438356164
18.83013698630137 16.093150684931505
18.859360730593608 15.81552511415525
18.932420091324204 15.581735159817349
18.94703196347032 15.289497716894974
18.96164383561644 15.01187214611872
19.03470319634703 14.77808219178082
19.03470319634703 14.485844748858446
19.03470319634703 14.193607305936071
19.03470319634703 13.901369863013697
19.03470319634703 13.609132420091322
19.03470319634703 13.316894977168948
19.07853881278539 13.05388127853881
19.07853881278539 12.761643835616436
19.005479452054793 12.659360730593605
18.91780821917808 12.907762557077625
18.78630136986301 13.097716894977168
18.684018264840184 13.316894977168948
18.58173515981735 13.536073059360728
18.450228310502283 13.74063926940639
18.304109589041097 13.930593607305934
18.172602739726027 14.10593607305936
18.041095890410958 14.310502283105022
17.894977168949772 14.500456621004565
17.79269406392694 14.719634703196345
17.631963470319633 14.880365296803653
17.44200913242009 15.026484018264838
17.339726027397262 15.260273972602738
17.164383561643834 15.406392694063925
16.98904109589041 15.552511415525114
16.828310502283102 15.727853881278538
16.682191780821917 15.903196347031962
16.463013698630135 16.005479452054793
16.273059360730592 16.166210045662098
16.053881278538814 16.283105022831048
15.834703196347032 16.4
15.659360730593606 16.560730593607303
15.454794520547946 16.692237442922373
15.235616438356164 16.794520547945204
15.001826484018263 16.911415525114155
14.82648401826484 17.05753424657534
14.665753424657535 17.21826484018265
14.402739726027395 17.276712328767122
14.168949771689498 17.364383561643834
13.90593607305936 17.43744292237443
13.67214611872146 17.51050228310502
13.43835616438356 17.583561643835615
13.233789954337897 17.700456621004562
13.0 17.788127853881278
13.0 17.71506849315068
13.189954337899543 17.568949771689496
13.365296803652967 17.40821917808219
13.55525114155251 17.262100456621003
13.715981735159817 17.08675799086758
13.862100456621004 16.896803652968035
14.12511415525114 16.823744292237443
14.24200913242009 16.60456621004566
14.475799086757991 16.48767123287671
14.680365296803652 16.37077625570776
14.841095890410958 16.180821917808217
15.016438356164382 16.005479452054793
15.133333333333333 15.80091324200913
15.352511415525115 15.669406392694063
15.48401826484018 15.464840182648402
15.659360730593606 15.304109589041094
15.805479452054794 15.099543378995431
15.95159817351598 14.90958904109589
16.097716894977168 14.734246575342464
16.229223744292238 14.529680365296802
16.360730593607304 14.32511415525114
16.506849315068493 14.135159817351596
16.63835616438356 13.930593607305934
16.784474885844748 13.75525114155251
16.930593607305937 13.565296803652966
17.032876712328765 13.331506849315067
17.14977168949772 13.126940639269405
17.310502283105023 12.951598173515979
17.44200913242009 12.747031963470318
17.500456621004567 12.4986301369863
17.69041095890411 12.352511415525113
17.79269406392694 12.133333333333331
17.865753424657534 11.884931506849313
17.953424657534246 11.651141552511413
18.070319634703196 11.431963470319634
18.14337899543379 11.183561643835613
18.289497716894978 11.00821917808219
18.318721461187216 10.730593607305934
18.36255707762557 10.467579908675797
18.537899543378995 10.30684931506849
18.698630136986303 10.146118721461185
18.903196347031965 10.029223744292235
19.195433789954336 10.014611872146116
19.487671232876714 10.029223744292235
19.779908675799085 10.029223744292235
19.984474885844747 10.146118721461185
20.20365296803653 10.263013698630134
20.30593607305936 10.496803652968035
20.393607305936072 10.715981735159815
20.46666666666667 10.964383561643833
20.55433789954338 11.183561643835613
20.627397260273973 11.431963470319634
20.715068493150685 11.665753424657533
20.817351598173516 11.884931506849313
20.86118721461187 12.14794520547945
20.934246575342467 12.396347031963469
21.036529680365298 12.600913242009131
21.138812785388126 12.83470319634703
21.25570776255708 13.039269406392693
21.34337899543379 13.273059360730592
21.431050228310504 13.492237442922374
21.518721461187216 13.726027397260273
21.59178082191781 13.974429223744291
21.694063926940636 14.193607305936071
21.79634703196347 14.42739726027397
21.942465753424656 14.588127853881279
22.030136986301372 14.821917808219176
22.11780821917808 15.055707762557077
22.205479452054796 15.289497716894974
22.293150684931508 15.537899543378995
22.439269406392697 15.713242009132419
22.49771689497717 15.961643835616437
22.673059360730594 16.122374429223743
22.746118721461187 16.37077625570776
22.86301369863014 16.575342465753423
22.96529680365297 16.794520547945204
23.052968036529684 17.028310502283105
23.111415525114154 17.29132420091324
23.257534246575343 17.481278538812784
23.359817351598174 17.700456621004562
23.52054794520548 17.86118721461187
23.593607305936075 18.124200913242007
23.710502283105022 18.32876712328767
23.812785388127853 18.54794520547945
23.900456621004565 18.78173515981735
24.03196347031964 18.971689497716895
24.07579908675799 19.23470319634703
24.22191780821918 19.424657534246574
24.280365296803655 19.67305936073059
24.368036529680367 19.90684931506849
24.4703196347032 20.126027397260273
24.4703196347032 20.418264840182648
24.192694063926943 20.418264840182648
23.98812785388128 20.315981735159816
23.7689497716895 20.18447488584475
23.578995433789956 20.03835616438356
23.418264840182648 19.863013698630134
23.228310502283104 19.71689497716895
23.0675799086758 19.526940639269405
22.90684931506849 19.35159817351598
22.71689497716895 19.205479452054796
22.570776255707763 19.015525114155253
22.41004566210046 18.840182648401825
22.234703196347034 18.67945205479452
22.1324200913242 18.44566210045662
22.015525114155253 18.22648401826484
21.927853881278537 17.99269406392694
21.767123287671232 17.831963470319636
21.606392694063928 17.65662100456621
21.53333333333333 17.40821917808219
21.401826484018265 17.20365296803653
21.328767123287673 16.969863013698628
21.22648401826484 16.736073059360727
21.080365296803656 16.575342465753423
21.051141552511417 16.283105022831048
20.934246575342467 16.078538812785386
20.875799086757993 15.830136986301369
20.831963470319636 15.567123287671231
20.744292237442924 15.333333333333332
20.65662100456621 15.11415525114155
20.598173515981735 14.851141552511415
20.568949771689496 14.57351598173516
20.481278538812788 14.354337899543378
20.40821917808219 14.10593607305936
20.32054794520548 13.88675799086758
20.232876712328768 13.652968036529678
20.21826484018265 13.360730593607304
20.130593607305936 13.141552511415522
20.1013698630137 12.863926940639267
20.042922374429224 12.61552511415525
19.96986301369863 12.36712328767123
19.94063926940639 12.074885844748856
19.838356164383562 12.118721461187214
19.896803652968035 12.36712328767123
19.926027397260274 12.644748858447487
19.94063926940639 12.936986301369862
19.999086757990867 13.18538812785388
20.028310502283105 13.463013698630135
20.08675799086758 13.711415525114154
20.08675799086758 14.003652968036528
20.115981735159817 14.281278538812785
20.20365296803653 14.500456621004565
20.20365296803653 14.79269406392694
20.20365296803653 15.084931506849314
20.21826484018265 15.377168949771688
20.21826484018265 15.669406392694063
20.21826484018265 15.961643835616437
20.291324200913245 16.195433789954336
20.291324200913245 16.48767123287671
20.291324200913245 16.779908675799085
20.291324200913245 17.07214611872146
20.30593607305936 17.364383561643834
20.30593607305936 17.65662100456621
20.30593607305936 17.948858447488583
20.30593607305936 18.241095890410957
20.393607305936072 18.46027397260274
20.393607305936072 18.752511415525113
20.45205479452055 19.000913242009133
20.45205479452055 19.293150684931504
20.45205479452055 19.585388127853882
20.46666666666667 19.877625570776253
20.46666666666667 20.16986301369863
20.46666666666667 20.462100456621005
20.46666666666667 20.75433789954338
20.46666666666667 21.046575342465754
20.46666666666667 21.33881278538813
20.46666666666667 21.631050228310503
20.32054794520548 21.499543378995433
20.232876712328768 21.265753424657532
20.130593607305936 21.046575342465754
20.08675799086758 20.7689497716895
20.013698630136986 20.535159817351598
19.95525114155251 20.286757990867578
19.88219178082192 20.03835616438356
19.809132420091323 19.80456621004566
19.794520547945204 19.512328767123286
19.750684931506846 19.24931506849315
19.64840182648402 19.059360730593607
19.6337899543379 18.767123287671232
19.575342465753426 18.518721461187212
19.575342465753426 18.22648401826484
19.575342465753426 17.934246575342463
19.575342465753426 17.64200913242009
19.575342465753426 17.349771689497715
19.575342465753426 17.05753424657534
19.575342465753426 16.765296803652966
19.575342465753426 16.47305936073059
19.575342465753426 16.180821917808217
19.6337899543379 15.9324200913242
19.6337899543379 15.640182648401826
19.6337899543379 15.347945205479451
19.6337899543379 15.055707762557077
19.575342465753426 14.807305936073057
19.473059360730595 14.851141552511415
19.473059360730595 15.143378995433789
19.458447488584476 15.435616438356163
19.458447488584476 15.727853881278538
19.385388127853883 15.961643835616437
19.356164383561644 16.239269406392694
19.28310502283105 16.47305936073059
19.253881278538813 16.750684931506846
19.122374429223743 16.940639269406393
19.107762557077624 17.232876712328768
19.020091324200912 17.466666666666665
18.932420091324204 17.685844748858447
18.903196347031965 17.963470319634702
18.81552511415525 18.197260273972603
18.74246575342466 18.44566210045662
18.625570776255707 18.650228310502282
18.552511415525114 18.88401826484018
18.464840182648402 19.10319634703196
18.421004566210044 19.38082191780822
18.34794520547945 19.614611872146117
18.27488584474886 19.863013698630134
18.27488584474886 20.15525114155251
18.27488584474886 20.447488584474883
18.304109589041097 20.72511415525114
18.333333333333332 21.002739726027396
18.421004566210044 21.221917808219175
18.523287671232875 21.44109589041096
18.640182648401826 21.660273972602738
18.81552511415525 21.821004566210046
18.932420091324204 22.040182648401824
19.07853881278539 22.230136986301368
19.151598173515982 22.478538812785388
19.28310502283105 22.66849315068493
19.385388127853883 22.887671232876713
19.473059360730595 23.121461187214614
19.546118721461188 23.35525114155251
19.61917808219178 23.603652968036528
19.6337899543379 23.895890410958906
19.765296803652966 24.07123287671233
19.794520547945204 24.348858447488585
19.794520547945204 24.64109589041096
19.794520547945204 24.933333333333334
19.765296803652966 25.21095890410959
19.765296803652966 25.503196347031963
19.61917808219178 25.67853881278539
19.546118721461188 25.926940639269407
19.385388127853883 26.0
$EndXYCoordinates
$RawThetaValues
-0.13899710762998624 0.13818437008571893 -0.13899710762998624 0.13818437008571893
-0.1294834967966872 0.1280909666003414 -0.1294834967966872 0.1280909666003414
-0.12336273578735768 0.11331046063135822 -0.12336273578735768 0.11331046063135822
-0.11461336627491792 0.10269017434278546 -0.11461336627491792 0.10269017434278546
-0.1038367976462733 0.0973151077780229 -0.1038367976462733 0.0973151077780229
-0.0914260042774513 0.09460846257167421 -0.0914260042774513 0.09460846257167421
-0.08573759867162696 0.08118346729369039 -0.08573759867162696 0.08118346729369039
-0.07727765803096116 0.07111414931037088 -0.07727765803096116 0.07111414931037088
-0.06663949580091226 0.06545802194651619 -0.06663949580091226 0.06545802194651619
-0.05508424975974301 0.06622237452037641 -0.05508424975974301 0.06622237452037641
-0.04338573565055477 0.06355988659857773 -0.04338573565055477 0.06355988659857773
-0.03508698916551043 0.05404146231012437 -0.03508698916551043 0.05404146231012437
-0.02569105246304573 0.04639311702011243 -0.02569105246304573 0.04639311702011243
-0.013501029449912726 0.046038872954249924 -0.013501029449912726 0.046038872954249924
-0.004767178173633387 0.03869834515053797 -0.004767178173633387 0.03869834515053797
-0.0008071786981220173 0.0242432316300471 -0.0008071786981220173 0.0242432316300471
0.009023342647191202 0.017987883653960896 0.009023342647191202 0.017987883653960896
0.018819678129500552 0.012777493608182916 0.018819678129500552 0.012777493608182916
0.030370107712302814 0.015002460359258214 0.030370107712302814 0.015002460359258214
0.04003264114116159 0.021821198088448016 0.04003264114116159 0.021821198088448016
0.04917854712698115 0.021523341286131134 0.04917854712698115 0.021523341286131134
0.05660113978249966 0.012181666421393985 0.05660113978249966 0.012181666421393985
0.0633601209964003 0.0010560320967914817 0.0633601209964003 0.0010560320967914817
0.07250477426073311 -0.0052401183387820564 0.07250477426073311 -0.0052401183387820564
0.0847234938952157 -0.003818519949269805 0.0847234938952157 -0.003818519949269805
0.0957305723599859 0.0021606378256623132 0.0957305723599859 0.0021606378256623132
0.10551299940529056 0.005420391882988569 0.10551299940529056 0.005420391882988569
0.1116406968623762 -0.004419526843179152 0.1116406968623762 -0.004419526843179152
0.10542322596965992 -0.01714366085003552 0.10542322596965992 -0.01714366085003552
0.09971449388636773 -0.029738723290528794 0.09971449388636773 -0.029738723290528794
0.09507748532501861 -0.043946012764495244 0.09507748532501861 -0.043946012764495244
0.08969151513805845 -0.05823038914762733 0.08969151513805845 -0.05823038914762733
0.08421523137006814 -0.07159073268805827 0.08421523137006814 -0.07159073268805827
0.07570356437055563 -0.08255216945795249 0.07570356437055563 -0.08255216945795249
0.06940408089035438 -0.09590947173795601 0.06940408089035438 -0.09590947173795601
0.061346747903885376 -0.10666610979227428 0.061346747903885376 -0.10666610979227428
0.053221879778972365 -0.11734385181701537 0.053221879778972365 -0.11734385181701537
0.04564399880304006 -0.12789953176754928 0.04564399880304006 -0.12789953176754928
0.038441206266576856 -0.1401838722976206 0.038441206266576856 -0.1401838722976206
0.030014606329297398 -0.1515555217609347 0.030014606329297398 -0.1515555217609347
0.022124231242603088 -0.16282280339971505 0.022124231242603088 -0.16282280339971505
0.010922300564685718 -0.1704179436819449 0.010922300564685718 -0.1704179436819449
0.002418539376598267 -0.1805797523086992 0.002418539376598267 -0.1805797523086992
-0.007501402594910249 -0.18696368179342576 -0.007501402594910249 -0.18696368179342576
-0.017549838165791684 -0.1941225427668621 -0.017549838165791684 -0.1941225427668621
-0.025564945746514498 -0.20398296723184745 -0.025564945746514498 -0.20398296723184745
-0.03661367481102953 -0.20899239133379788 -0.03661367481102953 -0.20899239133379788
-0.04550762694058912 -0.21582073031804508 -0.04550762694058912 -0.21582073031804508
-0.05689043318739401 -0.21863165152266703 -0.05689043318739401 -0.21863165152266703
-0.06732675473385547 -0.22319469932069022 -0.06732675473385547 -0.22319469932069022
-0.07606271136230729 -0.23242784225553667 -0.07606271136230729 -0.23242784225553667
-0.08244663345873089 -0.24558260534042237 -0.08244663345873089 -0.24558260534042237
-0.08953892833318824 -0.2586219577789217 -0.08953892833318824 -0.2586219577789217
-0.09528477809445217 -0.27370098607713345 -0.09528477809445217 -0.27370098607713345
-0.10058629649953785 -0.28886244459878374 -0.10058629649953785 -0.28886244459878374
-0.10663270702971554 -0.30392644456386164 -0.10663270702971554 -0.30392644456386164
-0.11322362182124548 -0.3179597843399469 -0.11322362182124548 -0.3179597843399469
-0.11896661814370686 -0.3331031483539486 -0.11896661814370686 -0.3331031483539486
-0.12694849315789938 -0.3439968222698182 -0.12694849315789938 -0.3439968222698182
-0.1322163777836585 -0.3611832159183891 -0.1322163777836585 -0.3611832159183891
-0.13873873298615141 -0.37525280110923503 -0.13873873298615141 -0.37525280110923503
-0.14562631165384088 -0.39022366786992807 -0.14562631165384088 -0.39022366786992807
-0.15240997832114236 -0.4042558292747837 -0.15240997832114236 -0.4042558292747837
-0.15836295748941337 -0.42147540464056044 -0.15836295748941337 -0.42147540464056044
-0.16542889707740524 -0.43548625772219823 -0.16542889707740524 -0.43548625772219823
-0.17377993290731328 -0.4471423398521894 -0.17377993290731328 -0.4471423398521894
-0.18021302009556328 -0.46435914859694005 -0.18021302009556328 -0.46435914859694005
-0.18711193585927471 -0.4804955978982878 -0.18711193585927471 -0.4804955978982878
-0.1939233369866771 -0.4977448019192871 -0.1939233369866771 -0.4977448019192871
-0.2016598079380679 -0.5116590020291718 -0.2016598079380679 -0.5116590020291718
-0.2085897523157463 -0.5300455229607073 -0.2085897523157463 -0.5300455229607073
-0.21540859362234896 -0.547535264896121 -0.21540859362234896 -0.547535264896121
-0.22357955823287157 -0.5614098364294013 -0.22357955823287157 -0.5614098364294013
-0.2305666333018965 -0.5800779974189091 -0.2305666333018965 -0.5800779974189091
-0.23778632813549527 -0.5987939239559764 -0.23778632813549527 -0.5987939239559764
-0.24523907078364726 -0.6175571933765931 -0.24523907078364726 -0.6175571933765931
-0.2529251867792851 -0.6363671525140236 -0.2529251867792851 -0.6363671525140236
-0.26084488865984085 -0.6552229106611039 -0.26084488865984085 -0.6552229106611039
-0.26972638501069846 -0.671449728045785 -0.26972638501069846 -0.671449728045785
-0.2780733806415373 -0.690361813323945 -0.2780733806415373 -0.690361813323945
-0.27849732402010485 -0.6983534004420026 -0.27849732402010485 -0.6983534004420026
-0.26820024397071374 -0.6837985682387787 -0.26820024397071374 -0.6837985682387787
-0.25810688578599145 -0.6737312080316025 -0.25810688578599145 -0.6737312080316025
-0.24827525905617334 -0.6611504341588508 -0.24827525905617334 -0.6611504341588508
-0.23851904663956852 -0.6484843154298309 -0.23851904663956852 -0.6484843154298309
-0.2281680379903944 -0.6371380468956555 -0.2281680379903944 -0.6371380468956555
-0.217717824178222 -0.6268479376136922 -0.217717824178222 -0.6268479376136922
-0.20822441953840073 -0.6171876579129187 -0.20822441953840073 -0.6171876579129187
-0.1980053740038198 -0.6054964370715424 -0.1980053740038198 -0.6054964370715424
-0.18766485088695606 -0.594845212420435 -0.18766485088695606 -0.594845212420435
-0.17829271513389724 -0.5816190375840693 -0.17829271513389724 -0.5816190375840693
-0.16821475549902135 -0.5728504388637334 -0.16821475549902135 -0.5728504388637334
-0.15738527349100698 -0.5652303373907336 -0.15738527349100698 -0.5652303373907336
-0.1478382838516616 -0.5507529391760545 -0.1478382838516616 -0.5507529391760545
-0.13760842218143204 -0.5427175805956277 -0.13760842218143204 -0.5427175805956277
-0.12738195593907128 -0.5345417600094197 -0.12738195593907128 -0.5345417600094197
-0.1170691664202181 -0.5241599361252582 -0.1170691664202181 -0.5241599361252582
-0.10736818263744394 -0.5135491763325553 -0.10736818263744394 -0.5135491763325553
-0.09641460583589187 -0.5082034090042795 -0.09641460583589187 -0.5082034090042795
-0.08532023919699244 -0.4985793268198908 -0.08532023919699244 -0.4985793268198908
-0.07400735822406823 -0.4918941233468721 -0.07400735822406823 -0.4918941233468721
-0.0626714777409465 -0.4850214512854664 -0.0626714777409465 -0.4850214512854664
-0.05217573479269985 -0.4748421812142553 -0.05217573479269985 -0.4748421812142553
-0.041114199397611 -0.46659121911785884 -0.041114199397611 -0.46659121911785884
-0.030041992968423213 -0.4601853673090974 -0.030041992968423213 -0.4601853673090974
-0.018047422696557524 -0.4526227501708265 -0.018047422696557524 -0.4526227501708265
-0.007879954520970466 -0.4428333982308297 -0.007879954520970466 -0.4428333982308297
0.001935061121174034 -0.4319283754386948 0.001935061121174034 -0.4319283754386948
0.01405533964691954 -0.4278014882039202 0.01405533964691954 -0.4278014882039202
0.025553579495123754 -0.4214919550615657 0.025553579495123754 -0.4214919550615657
0.03805040450261986 -0.4159113741620105 0.03805040450261986 -0.4159113741620105
0.04935304305895597 -0.410188726464328 0.04935304305895597 -0.410188726464328
0.06069359701819776 -0.40427097074367013 0.06069359701819776 -0.40427097074367013
0.07160378712153383 -0.39527767952526877 0.07160378712153383 -0.39527767952526877
0.08326093368865298 -0.3879772352658439 0.08326093368865298 -0.3879772352658439
0.08195918296236347 -0.39302631522612896 0.08195918296236347 -0.39302631522612896
0.07109896226851158 -0.40414794928320213 0.07109896226851158 -0.40414794928320213
0.060556942793472325 -0.41608705998022644 0.060556942793472325 -0.41608705998022644
0.04962569452396446 -0.4269492833972855 0.04962569452396446 -0.4269492833972855
0.03932677243727021 -0.4396224609033368 0.03932677243727021 -0.4396224609033368
0.029279372894733348 -0.45318798659733406 0.029279372894733348 -0.45318798659733406
0.01668225911050844 -0.4586885591417953 0.01668225911050844 -0.4586885591417953
0.007156595563038339 -0.4740240456207826 0.007156595563038339 -0.4740240456207826
-0.00511516341584671 -0.48217197612775453 -0.00511516341584671 -0.48217197612775453
-0.016151344581011116 -0.4901367099786066 -0.016151344581011116 -0.4901367099786066
-0.027013068483158886 -0.5030784124061495 -0.027013068483158886 -0.5030784124061495
-0.03819827220225242 -0.5148545197086389 -0.03819827220225242 -0.5148545197086389
-0.04774255298438097 -0.5287198198889076 -0.04774255298438097 -0.5287198198889076
-0.05974387134634604 -0.5370354447668059 -0.05974387134634604 -0.5370354447668059
-0.06999691630114449 -0.5506413510249338 -0.06999691630114449 -0.5506413510249338
-0.08097909028254738 -0.5608763919889493 -0.08097909028254738 -0.5608763919889493
-0.09193878320545922 -0.5741889952011195 -0.09193878320545922 -0.5741889952011195
-0.10258818765906867 -0.5863777552295927 -0.10258818765906867 -0.5863777552295927
-0.1129025583563955 -0.5974401623823087 -0.1129025583563955 -0.5974401623823087
-0.12347684002343924 -0.6105378778410037 -0.12347684002343924 -0.6105378778410037
-0.13412156092685357 -0.6235370570916525 -0.13412156092685357 -0.6235370570916525
-0.14497922833857224 -0.6352743855021444 -0.14497922833857224 -0.6352743855021444
-0.155743729794886 -0.6480552728232558 -0.155743729794886 -0.6480552728232558
-0.16626880798100055 -0.658537743872658 -0.16626880798100055 -0.658537743872658
-0.17724619030998692 -0.6698993266657826 -0.17724619030998692 -0.6698993266657826
-0.18795617652480148 -0.6847215782310004 -0.18795617652480148 -0.6847215782310004
-0.1984104633543116 -0.697249446701252 -0.1984104633543116 -0.697249446701252
-0.20960210434682303 -0.7070267410939115 -0.20960210434682303 -0.7070267410939115
-0.2206657447572434 -0.7190957954475915 -0.2206657447572434 -0.7190957954475915
-0.23058717069826323 -0.7352192584854725 -0.23058717069826323 -0.7352192584854725
-0.24194140869508912 -0.7420931174615869 -0.24194140869508912 -0.7420931174615869
-0.25259078152382713 -0.7552905178154178 -0.25259078152382713 -0.7552905178154178
-0.26327956081633425 -0.7709185174298104 -0.26327956081633425 -0.7709185174298104
-0.27409152493868344 -0.7852100077292454 -0.27409152493868344 -0.7852100077292454
-0.2854690574213379 -0.7978387750429774 -0.2854690574213379 -0.7978387750429774
-0.2964664191870489 -0.8132266869735774 -0.2964664191870489 -0.8132266869735774
-0.30737974321719297 -0.8220226037917308 -0.30737974321719297 -0.8220226037917308
-0.3181613976820638 -0.8401553905516858 -0.3181613976820638 -0.8401553905516858
-0.3290589280923109 -0.8569490098831993 -0.3290589280923109 -0.8569490098831993
-0.34043607834192663 -0.8636712827565967 -0.34043607834192663 -0.8636712827565967
-0.3513211462030486 -0.8705559360064791 -0.3513211462030486 -0.8705559360064791
-0.36190852119530786 -0.8732605645945789 -0.36190852119530786 -0.8732605645945789
-0.3714030111792541 -0.866838945106184 -0.3714030111792541 -0.866838945106184
-0.37984193047300313 -0.8584011094572479 -0.37984193047300313 -0.8584011094572479
-0.38880956807829936 -0.8508138584065452 -0.38880956807829936 -0.8508138584065452
-0.3910575570824169 -0.8380431831601172 -0.3910575570824169 -0.8380431831601172
-0.39387915111643673 -0.8249606417722118 -0.39387915111643673 -0.8249606417722118
-0.3892928317843622 -0.8076759134632393 -0.3892928317843622 -0.8076759134632393
-0.3849223816459734 -0.7917693983565477 -0.3849223816459734 -0.7917693983565477
-0.3793345193810202 -0.7744891817862642 -0.3793345193810202 -0.7744891817862642
-0.3753309109832248 -0.7587389767595184 -0.3753309109832248 -0.7587389767595184
-0.37013589823178217 -0.7416102049634237 -0.37013589823178217 -0.7416102049634237
-0.3660604435653039 -0.7251093168949624 -0.3660604435653039 -0.7251093168949624
-0.3630871232391724 -0.7092414515445477 -0.3630871232391724 -0.7092414515445477
-0.3570721886053266 -0.6921094842962191 -0.3570721886053266 -0.6921094842962191
-0.35265798684622607 -0.6752615744170293 -0.35265798684622607 -0.6752615744170293
-0.35062437151068354 -0.6604998811914168 -0.35062437151068354 -0.6604998811914168
-0.3479779256087696 -0.6440287261019381 -0.3479779256087696 -0.6440287261019381
-0.3467781628204434 -0.6290780691133945 -0.3467781628204434 -0.6290780691133945
-0.34397460333264723 -0.6130616265890828 -0.34397460333264723 -0.6130616265890828
-0.3417020381607919 -0.5979828407533309 -0.3417020381607919 -0.5979828407533309
-0.3392412369917458 -0.5820797760543484 -0.3392412369917458 -0.5820797760543484
-0.3360913381055286 -0.5656621117037979 -0.3360913381055286 -0.5656621117037979
-0.3348398092200265 -0.550432375700506 -0.3348398092200265 -0.550432375700506
-0.3334310387313538 -0.5343813901548324 -0.3334310387313538 -0.5343813901548324
-0.33535119423408627 -0.5218139780322696 -0.33535119423408627 -0.5218139780322696
-0.33371663569249915 -0.5061540541229008 -0.33371663569249915 -0.5061540541229008
-0.33224926033210483 -0.49053311163067287 -0.33224926033210483 -0.49053311163067287
-0.3309479854522446 -0.4749481470638663 -0.3309479854522446 -0.4749481470638663
-0.32953981380022107 -0.4585355212131356 -0.32953981380022107 -0.4585355212131356
-0.3318434895312879 -0.4452722816504977 -0.3318434895312879 -0.4452722816504977
-0.3296530433811116 -0.42950854138106054 -0.3296530433811116 -0.42950854138106054
-0.3335820396711623 -0.4165493913992923 -0.3335820396711623 -0.4165493913992923
-0.33226006022313936 -0.4005381088224849 -0.33226006022313936 -0.4005381088224849
-0.3334937296425686 -0.3862195793279556 -0.3334937296425686 -0.3862195793279556
-0.3340769090885265 -0.37135305946602354 -0.3340769090885265 -0.37135305946602354
-0.3340261704978918 -0.35593803980701394 -0.3340261704978918 -0.35593803980701394
-0.33258177235046693 -0.3394138468497311 -0.33258177235046693 -0.3394138468497311
-0.33575414720200003 -0.3253784484605957 -0.33575414720200003 -0.3253784484605957
-0.33694756481355437 -0.3105205803311714 -0.33694756481355437 -0.3105205803311714
-0.3413339858664197 -0.2978555454780424 -0.3413339858664197 -0.2978555454780424
-0.34112337848755675 -0.2810242375853427 -0.34112337848755675 -0.2810242375853427
-0.34351299824910586 -0.2666734883387451 -0.34351299824910586 -0.2666734883387451
-0.3452980693744058 -0.251752463594217 -0.3452980693744058 -0.251752463594217
-0.34649562896065345 -0.23626041369656112 -0.34649562896065345 -0.23626041369656112
-0.3500577073233697 -0.2223701348768987 -0.3500577073233697 -0.2223701348768987
-0.3495078575553695 -0.20604049615167483 -0.3495078575553695 -0.20604049615167483
-0.35396417059631186 -0.19175867552570064 -0.35396417059631186 -0.19175867552570064
-0.3544739039256564 -0.17589586465086968 -0.3544739039256564 -0.17589586465086968
-0.3564812225648812 -0.16020822970674822 -0.3564812225648812 -0.16020822970674822
-0.35936581322818345 -0.14500475834724957 -0.35936581322818345 -0.14500475834724957
-0.35766902638608417 -0.1276865138475407 -0.35766902638608417 -0.1276865138475407
-0.3459138051814975 -0.13373903195138856 -0.3459138051814975 -0.13373903195138856
-0.3378979990096044 -0.14413459226255484 -0.3378979990096044 -0.14413459226255484
-0.32954882548131864 -0.15644278125772382 -0.32954882548131864 -0.15644278125772382
-0.3226324556047097 -0.16890949913940764 -0.3226324556047097 -0.16890949913940764
-0.31725949762712863 -0.18244506298858776 -0.31725949762712863 -0.18244506298858776
-0.310574039208555 -0.19474116850705647 -0.310574039208555 -0.19474116850705647
-0.30557168425247255 -0.20900364359898468 -0.30557168425247255 -0.20900364359898468
-0.3005741734653914 -0.22234613673994033 -0.3005741734653914 -0.22234613673994033
-0.29422827135631063 -0.23443472833835663 -0.29422827135631063 -0.23443472833835663
-0.29020304805084957 -0.24827958518867296 -0.29020304805084957 -0.24827958518867296
-0.2855618159276371 -0.2614820342059748 -0.2855618159276371 -0.2614820342059748
-0.2802874501878912 -0.2740323228547194 -0.2802874501878912 -0.2740323228547194
-0.2789030596225719 -0.28964597533384306 -0.2789030596225719 -0.28964597533384306
-0.2769193863226212 -0.3046389008626872 -0.2769193863226212 -0.3046389008626872
-0.27643604104009456 -0.32000973641459407 -0.27643604104009456 -0.32000973641459407
-0.27223197641070207 -0.3322647142790852 -0.27223197641070207 -0.3322647142790852
-0.2683347701026766 -0.34537537219455156 -0.2683347701026766 -0.34537537219455156
-0.26906336007811726 -0.36141352954792144 -0.26906336007811726 -0.36141352954792144
-0.2670128510040291 -0.37581295776075313 -0.2670128510040291 -0.37581295776075313
-0.2678394364405183 -0.39102555182999255 -0.2678394364405183 -0.39102555182999255
-0.267694404414765 -0.40674836502212786 -0.267694404414765 -0.40674836502212786
-0.2647728081803027 -0.41882303439948576 -0.2647728081803027 -0.41882303439948576
-0.26876924574758904 -0.4369346151287865 -0.26876924574758904 -0.4369346151287865
-0.26802159052697266 -0.45124397216540624 -0.26802159052697266 -0.45124397216540624
-0.27047072273281725 -0.4672733583950075 -0.27047072273281725 -0.4672733583950075
-0.273936483409488 -0.48398323132863824 -0.273936483409488 -0.48398323132863824
-0.27535009841525176 -0.4997112548348515 -0.27535009841525176 -0.4997112548348515
-0.27662643167956874 -0.5145996359133144 -0.27662643167956874 -0.5145996359133144
-0.28009552249705394 -0.5317118391947565 -0.28009552249705394 -0.5317118391947565
-0.28517141097183896 -0.5492524712002914 -0.28517141097183896 -0.5492524712002914
-0.2869614526683472 -0.5643077115334826 -0.2869614526683472 -0.5643077115334826
-0.29013841496546156 -0.5809581130784487 -0.29013841496546156 -0.5809581130784487
-0.2922632095737408 -0.5961380526578902 -0.2922632095737408 -0.5961380526578902
-0.2949182256992893 -0.6122913659218625 -0.2949182256992893 -0.6122913659218625
-0.30187330590589717 -0.6307544792250888 -0.30187330590589717 -0.6307544792250888
-0.3045302618666711 -0.6461393117168686 -0.3045302618666711 -0.6461393117168686
-0.31099864670467303 -0.6640902160307348 -0.31099864670467303 -0.6640902160307348
-0.31585023529133976 -0.6808585194613768 -0.31585023529133976 -0.6808585194613768
-0.3203947004595353 -0.6980016397969782 -0.3203947004595353 -0.6980016397969782
-0.3279306354218258 -0.7170597314820688 -0.3279306354218258 -0.7170597314820688
-0.32315692517979105 -0.7164707461964912 -0.32315692517979105 -0.7164707461964912
-0.3178853335551544 -0.699525063063075 -0.3178853335551544 -0.699525063063075
-0.3109737119007415 -0.681403552076612 -0.3109737119007415 -0.681403552076612
-0.3033683746177323 -0.6627045611179828 -0.3033683746177323 -0.6627045611179828
-0.2987138719355878 -0.6459563417022101 -0.2987138719355878 -0.6459563417022101
-0.29245117240940577 -0.6280001745884013 -0.29245117240940577 -0.6280001745884013
-0.2881936416134018 -0.6113821613263938 -0.2881936416134018 -0.6113821613263938
-0.28093202667364364 -0.5931558920280308 -0.28093202667364364 -0.5931558920280308
-0.2753055880488264 -0.5753538464412792 -0.2753055880488264 -0.5753538464412792
-0.273392501846262 -0.5602169926127291 -0.273392501846262 -0.5602169926127291
-0.26675533224936576 -0.5421210880959024 -0.26675533224936576 -0.5421210880959024
-0.2603354660357844 -0.5240519379828266 -0.2603354660357844 -0.5240519379828266
-0.2546826402236167 -0.5057752994967182 -0.2546826402236167 -0.5057752994967182
-0.24870066463967982 -0.48776593683260744 -0.24870066463967982 -0.48776593683260744
-0.2429352825304652 -0.46978288519653005 -0.2429352825304652 -0.46978288519653005
-0.24127778607862033 -0.4543183779058659 -0.24127778607862033 -0.4543183779058659
-0.23591812994022437 -0.43640836292096397 -0.23591812994022437 -0.43640836292096397
-0.2307735189900195 -0.41852173240171764 -0.2307735189900195 -0.41852173240171764
-0.2258436232373715 -0.4006575294299529 -0.2258436232373715 -0.4006575294299529
-0.2217003099479886 -0.38261393161540963 -0.2217003099479886 -0.38261393161540963
-0.21720163180436564 -0.36479541726591763 -0.21720163180436564 -0.36479541726591763
-0.21291652654162205 -0.3469951534484319 -0.21291652654162205 -0.3469951534484319
-0.2088446701114985 -0.32921147304118215 -0.2088446701114985 -0.32921147304118215
-0.20942362292226058 -0.3147611506546555 -0.20942362292226058 -0.3147611506546555
-0.20573893025524326 -0.29702318496467617 -0.20573893025524326 -0.29702318496467617
-0.20512007982870492 -0.28122071215192396 -0.20512007982870492 -0.28122071215192396
-0.20183666244855078 -0.26351128837193716 -0.20183666244855078 -0.26351128837193716
-0.1987646634008161 -0.24580622237235072 -0.1987646634008161 -0.24580622237235072
-0.1964974209531577 -0.22792692281764473 -0.1964974209531577 -0.22792692281764473
-0.1938503607956527 -0.21022478279197088 -0.1938503607956527 -0.21022478279197088
-0.19141479332948766 -0.19251818920500924 -0.19141479332948766 -0.19251818920500924
-0.18919093556536903 -0.1748038830583078 -0.18919093556536903 -0.1748038830583078
-0.18717910583923614 -0.15707839533323437 -0.18717910583923614 -0.15707839533323437
-0.18537973500524735 -0.13933803840778783 -0.18537973500524735 -0.13933803840778783
-0.1837933782995826 -0.12157889610112027 -0.1837933782995826 -0.12157889610112027
-0.17843634747434786 -0.13120295024240433 -0.17843634747434786 -0.13120295024240433
-0.1761644573387634 -0.14637408313068553 -0.1761644573387634 -0.14637408313068553
-0.1733493034483232 -0.16079864907420244 -0.1733493034483232 -0.16079864907420244
-0.17350002818319554 -0.17814623676906752 -0.17350002818319554 -0.17814623676906752
-0.17230612157120317 -0.19313977681794892 -0.17230612157120317 -0.19313977681794892
-0.17198614979862203 -0.2088713161445505 -0.17198614979862203 -0.2088713161445505
-0.1712390684251432 -0.2247660812132617 -0.1712390684251432 -0.2247660812132617
-0.17051767024833064 -0.2397826997072907 -0.17051767024833064 -0.2397826997072907
-0.17293280808533507 -0.2577644341882465 -0.17293280808533507 -0.2577644341882465
-0.17405650599004485 -0.274294127702462 -0.17405650599004485 -0.274294127702462
-0.17214262328210764 -0.2870054649409853 -0.17214262328210764 -0.2870054649409853
-0.1751349345165855 -0.3050647259389549 -0.1751349345165855 -0.3050647259389549
-0.1760131994942874 -0.3209425113493079 -0.1760131994942874 -0.3209425113493079
-0.1800040084474384 -0.33890390389846725 -0.1800040084474384 -0.33890390389846725
-0.18421298506138684 -0.35689183665017055 -0.18421298506138684 -0.35689183665017055
-0.1886407582251404 -0.3749082346359033 -0.1886407582251404 -0.3749082346359033
-0.19328797485965885 -0.3929548513000826 -0.19328797485965885 -0.3929548513000826
-0.19815529148765315 -0.41103326719161076 -0.19815529148765315 -0.41103326719161076
-0.20324336577674246 -0.4291448881057802 -0.20324336577674246 -0.4291448881057802
-0.20855284803276805 -0.4472909427117311 -0.20855284803276805 -0.4472909427117311
-0.21408437262486316 -0.46547247969984923 -0.21408437262486316 -0.46547247969984923
-0.22119608322275244 -0.48014022038725857 -0.22119608322275244 -0.48014022038725857
-0.2271257992506539 -0.49836510815405016 -0.2271257992506539 -0.49836510815405016
-0.23327853228513676 -0.5166264122632246 -0.23327853228513676 -0.5166264122632246
-0.23965474879031173 -0.5349244450876554 -0.23965474879031173 -0.5349244450876554
-0.2430739814066145 -0.5514216424190471 -0.2430739814066145 -0.5514216424190471
-0.23825670348507447 -0.5502423320482718 -0.23825670348507447 -0.5502423320482718
-0.23167972293634997 -0.5318433076363411 -0.23167972293634997 -0.5318433076363411
-0.22477533857893744 -0.5136939790598648 -0.22477533857893744 -0.5136939790598648
-0.2186457011889611 -0.4953678825115974 -0.2186457011889611 -0.4953678825115974
-0.21110506509602717 -0.48172197208559786 -0.21110506509602717 -0.48172197208559786
-0.20451846525589099 -0.46473031393982883 -0.20451846525589099 -0.46473031393982883
-0.19724278898605846 -0.45103911311118355 -0.19724278898605846 -0.45103911311118355
-0.190996915911303 -0.43404984163656374 -0.190996915911303 -0.43404984163656374
-0.18247358313814582 -0.42373415044613555 -0.18247358313814582 -0.42373415044613555
-0.17685588158455398 -0.4056489137185797 -0.17685588158455398 -0.4056489137185797
-0.16952069251010518 -0.39202031581062274 -0.16952069251010518 -0.39202031581062274
-0.1625329575201645 -0.3792647722651737 -0.1625329575201645 -0.3792647722651737
-0.1570860182353401 -0.3622555672349731 -0.1570860182353401 -0.3622555672349731
-0.1501305734904241 -0.34854371508438564 -0.1501305734904241 -0.34854371508438564
-0.14367765694077808 -0.33375734574731836 -0.14367765694077808 -0.33375734574731836
-0.13618951131517443 -0.322053438092085 -0.13618951131517443 -0.322053438092085
-0.13017723556092178 -0.30811860523902396 -0.13017723556092178 -0.30811860523902396
-0.12388020417425773 -0.2951869584320467 -0.12388020417425773 -0.2951869584320467
-0.11878723180329558 -0.2782720500949844 -0.11878723180329558 -0.2782720500949844
-0.1131765642859163 -0.2642910441950105 -0.1131765642859163 -0.2642910441950105
-0.10754276195274153 -0.24938783800913825 -0.10754276195274153 -0.24938783800913825
-0.10461805209972899 -0.2312867582143166 -0.10461805209972899 -0.2312867582143166
-0.10191490950342538 -0.21321549607149692 -0.10191490950342538 -0.21321549607149692
-0.10075123480014711 -0.19589111682198795 -0.10075123480014711 -0.19589111682198795
-0.09979064155941017 -0.17859364339668932 -0.09979064155941017 -0.17859364339668932
-0.10183588980666904 -0.16455291708159847 -0.10183588980666904 -0.16455291708159847
-0.10461672460666294 -0.15042392155933498 -0.10461672460666294 -0.15042392155933498
-0.10813553357651448 -0.1361949282210082 -0.10813553357651448 -0.1361949282210082
-0.1145078215233575 -0.1251301591425963 -0.1145078215233575 -0.1251301591425963
-0.11826953202297379 -0.11085410695189661 -0.11826953202297379 -0.11085410695189661
-0.12349981063722368 -0.09812461627009689 -0.12349981063722368 -0.09812461627009689
-0.12560015787321613 -0.08234024163554181 -0.12560015787321613 -0.08234024163554181
-0.13046945747135116 -0.06965687763639127 -0.13046945747135116 -0.06965687763639127
-0.13416135667979345 -0.055377763770141794 -0.13416135667979345 -0.055377763770141794
-0.1373567163430425 -0.04028819043141799 -0.1373567163430425 -0.04028819043141799
-0.14009523649663233 -0.025287491837781437 -0.14009523649663233 -0.025287491837781437
-0.1429819323424957 -0.009348204169169178 -0.1429819323424957 -0.009348204169169178
-0.14359379704156755 0.00882083630796702 -0.14359379704156755 0.00882083630796702
-0.14925455891277947 0.020869420039979585 -0.14925455891277947 0.020869420039979585
-0.15083975514307443 0.038365753145746424 -0.15083975514307443 0.038365753145746424
-0.15142903883442976 0.05655727780790499 -0.15142903883442976 0.05655727780790499
-0.15224761394053776 0.07481969436145552 -0.15224761394053776 0.07481969436145552
-0.15199060345742108 0.09195914473985131 -0.15199060345742108 0.09195914473985131
-0.15326109321858142 0.11037909703889692 -0.15326109321858142 0.11037909703889692
-0.14786360522606198 0.1200675933347679 -0.14786360522606198 0.1200675933347679
-0.1460950911983606 0.13514002077054504 -0.1460950911983606 0.13514002077054504
-0.13962412457586326 0.13831460206758575 -0.13962412457586326 0.13831460206758575
$EndRawThetaValues
$ThetaValues
-0.13899710762998624 0.13818437008571893
-0.1294834967966872 0.1280909666003414
-0.12336273578735768 0.11331046063135822
-0.11461336627491792 0.10269017434278546
-0.1038367976462733 0.0973151077780229
-0.0914260042774513 0.09460846257167421
-0.08573759867162696 0.08118346729369039
-0.07727765803096116 0.07111414931037088
-0.06663949580091226 0.06545802194651619
-0.05508424975974301 0.06622237452037641
-0.04338573565055477 0.06355988659857773
-0.03508698916551043 0.05404146231012437
-0.02569105246304573 0.04639311702011243
-0.013501029449912726 0.046038872954249924
-0.004767178173633387 0.03869834515053797
-0.0008071786981220173 0.0242432316300471
0.009023342647191202 0.017987883653960896
0.018819678129500552 0.012777493608182916
0.030370107712302814 0.015002460359258214
0.04003264114116159 0.021821198088448016
0.04917854712698115 0.021523341286131134
0.05660113978249966 0.012181666421393985
0.0633601209964003 0.0010560320967914817
0.07250477426073311 -0.0052401183387820564
0.0847234938952157 -0.003818519949269805
0.0957305723599859 0.0021606378256623132
0.10551299940529056 0.005420391882988569
0.1116406968623762 -0.004419526843179152
0.10542322596965992 -0.01714366085003552
0.09971449388636773 -0.029738723290528794
0.09507748532501861 -0.043946012764495244
0.08969151513805845 -0.05823038914762733
0.08421523137006814 -0.07159073268805827
0.07570356437055563 -0.08255216945795249
0.06940408089035438 -0.09590947173795601
0.061346747903885376 -0.10666610979227428
0.053221879778972365 -0.11734385181701537
0.04564399880304006 -0.12789953176754928
0.038441206266576856 -0.1401838722976206
0.030014606329297398 -0.1515555217609347
0.022124231242603088 -0.16282280339971505
0.010922300564685718 -0.1704179436819449
0.002418539376598267 -0.1805797523086992
-0.007501402594910249 -0.18696368179342576
-0.017549838165791684 -0.1941225427668621
-0.025564945746514498 -0.20398296723184745
-0.03661367481102953 -0.20899239133379788
-0.04550762694058912 -0.21582073031804508
-0.05689043318739401 -0.21863165152266703
-0.06732675473385547 -0.22319469932069022
-0.07606271136230729 -0.23242784225553667
-0.08244663345873089 -0.24558260534042237
-0.08953892833318824 -0.2586219577789217
-0.09528477809445217 -0.27370098607713345
-0.10058629649953785 -0.28886244459878374
-0.10663270702971554 -0.30392644456386164
-0.11322362182124548 -0.3179597843399469
-0.11896661814370686 -0.3331031483539486
-0.12694849315789938 -0.3439968222698182
-0.1322163777836585 -0.3611832159183891
-0.13873873298615141 -0.37525280110923503
-0.14562631165384088 -0.39022366786992807
-0.15240997832114236 -0.4042558292747837
-0.15836295748941337 -0.42147540464056044
-0.16542889707740524 -0.43548625772219823
-0.17377993290731328 -0.4471423398521894
-0.18021302009556328 -0.46435914859694005
-0.18711193585927471 -0.4804955978982878
-0.1939233369866771 -0.4977448019192871
-0.2016598079380679 -0.5116590020291718
-0.2085897523157463 -0.5300455229607073
-0.21540859362234896 -0.547535264896121
-0.22357955823287157 -0.5614098364294013
-0.2305666333018965 -0.5800779974189091
-0.23778632813549527 -0.5987939239559764
-0.24523907078364726 -0.6175571933765931
-0.2529251867792851 -0.6363671525140236
-0.26084488865984085 -0.6552229106611039
-0.26972638501069846 -0.671449728045785
-0.2780733806415373 -0.690361813323945
-0.27849732402010485 -0.6983534004420026
-0.26820024397071374 -0.6837985682387787
-0.25810688578599145 -0.6737312080316025
-0.24827525905617334 -0.6611504341588508
-0.23851904663956852 -0.6484843154298309
-0.2281680379903944 -0.6371380468956555
-0.217717824178222 -0.6268479376136922
-0.20822441953840073 -0.6171876579129187
-0.1980053740038198 -0.6054964370715424
-0.18766485088695606 -0.594845212420435
-0.17829271513389724 -0.5816190375840693
-0.16821475549902135 -0.5728504388637334
-0.15738527349100698 -0.5652303373907336
-0.1478382838516616 -0.5507529391760545
-0.13760842218143204 -0.5427175805956277
-0.12738195593907128 -0.5345417600094197
-0.1170691664202181 -0.5241599361252582
-0.10736818263744394 -0.5135491763325553
-0.09641460583589187 -0.5082034090042795
-0.08532023919699244 -0.4985793268198908
-0.07400735822406823 -0.4918941233468721
-0.0626714777409465 -0.4850214512854664
-0.05217573479269985 -0.4748421812142553
-0.041114199397611 -0.46659121911785884
-0.030041992968423213 -0.4601853673090974
-0.018047422696557524 -0.4526227501708265
-0.007879954520970466 -0.4428333982308297
0.001935061121174034 -0.4319283754386948
0.01405533964691954 -0.4278014882039202
0.025553579495123754 -0.4214919550615657
0.03805040450261986 -0.4159113741620105
0.04935304305895597 -0.410188726464328
0.06069359701819776 -0.40427097074367013
0.07160378712153383 -0.39527767952526877
0.08326093368865298 -0.3879772352658439
0.08195918296236347 -0.39302631522612896
0.07109896226851158 -0.40414794928320213
0.060556942793472325 -0.41608705998022644
0.04962569452396446 -0.4269492833972855
0.03932677243727021 -0.4396224609033368
0.029279372894733348 -0.45318798659733406
0.01668225911050844 -0.4586885591417953
0.007156595563038339 -0.4740240456207826
-0.00511516341584671 -0.48217197612775453
-0.016151344581011116 -0.4901367099786066
-0.027013068483158886 -0.5030784124061495
-0.03819827220225242 -0.5148545197086389
-0.04774255298438097 -0.5287198198889076
-0.05974387134634604 -0.5370354447668059
-0.06999691630114449 -0.5506413510249338
-0.08097909028254738 -0.5608763919889493
-0.09193878320545922 -0.5741889952011195
-0.10258818765906867 -0.5863777552295927
-0.1129025583563955 -0.5974401623823087
-0.12347684002343924 -0.6105378778410037
-0.13412156092685357 -0.6235370570916525
-0.14497922833857224 -0.6352743855021444
-0.155743729794886 -0.6480552728232558
-0.16626880798100055 -0.658537743872658
-0.17724619030998692 -0.6698993266657826
-0.18795617652480148 -0.6847215782310004
-0.1984104633543116 -0.697249446701252
-0.20960210434682303 -0.7070267410939115
-0.2206657447572434 -0.7190957954475915
-0.23058717069826323 -0.7352192584854725
-0.24194140869508912 -0.7420931174615869
-0.25259078152382713 -0.7552905178154178
-0.26327956081633425 -0.7709185174298104
-0.27409152493868344 -0.7852100077292454
-0.2854690574213379 -0.7978387750429774
-0.2964664191870489 -0.8132266869735774
-0.30737974321719297 -0.8220226037917308
-0.3181613976820638 -0.8401553905516858
-0.3290589280923109 -0.8569490098831993
-0.34043607834192663 -0.8636712827565967
-0.3513211462030486 -0.8705559360064791
-0.36190852119530786 -0.8732605645945789
-0.3714030111792541 -0.866838945106184
-0.37984193047300313 -0.8584011094572479
-0.38880956807829936 -0.8508138584065452
-0.3910575570824169 -0.8380431831601172
-0.39387915111643673 -0.8249606417722118
-0.3892928317843622 -0.8076759134632393
-0.3849223816459734 -0.7917693983565477
-0.3793345193810202 -0.7744891817862642
-0.3753309109832248 -0.7587389767595184
-0.37013589823178217 -0.7416102049634237
-0.3660604435653039 -0.7251093168949624
-0.3630871232391724 -0.7092414515445477
-0.3570721886053266 -0.6921094842962191
-0.35265798684622607 -0.6752615744170293
-0.35062437151068354 -0.6604998811914168
-0.3479779256087696 -0.6440287261019381
-0.3467781628204434 -0.6290780691133945
-0.34397460333264723 -0.6130616265890828
-0.3417020381607919 -0.5979828407533309
-0.3392412369917458 -0.5820797760543484
-0.3360913381055286 -0.5656621117037979
-0.3348398092200265 -0.550432375700506
-0.3334310387313538 -0.5343813901548324
-0.33535119423408627 -0.5218139780322696
-0.33371663569249915 -0.5061540541229008
-0.33224926033210483 -0.49053311163067287
-0.3309479854522446 -0.4749481470638663
-0.32953981380022107 -0.4585355212131356
-0.3318434895312879 -0.4452722816504977
-0.3296530433811116 -0.42950854138106054
-0.3335820396711623 -0.4165493913992923
-0.33226006022313936 -0.4005381088224849
-0.3334937296425686 -0.3862195793279556
-0.3340769090885265 -0.37135305946602354
-0.3340261704978918 -0.35593803980701394
-0.33258177235046693 -0.3394138468497311
-0.33575414720200003 -0.3253784484605957
-0.33694756481355437 -0.3105205803311714
-0.3413339858664197 -0.2978555454780424
-0.34112337848755675 -0.2810242375853427
-0.34351299824910586 -0.2666734883387451
-0.3452980693744058 -0.251752463594217
-0.34649562896065345 -0.23626041369656112
-0.3500577073233697 -0.2223701348768987
-0.3495078575553695 -0.20604049615167483
-0.35396417059631186 -0.19175867552570064
-0.3544739039256564 -0.17589586465086968
-0.3564812225648812 -0.16020822970674822
-0.35936581322818345 -0.14500475834724957
-0.35766902638608417 -0.1276865138475407
-0.3459138051814975 -0.13373903195138856
-0.3378979990096044 -0.14413459226255484
-0.32954882548131864 -0.15644278125772382
-0.3226324556047097 -0.16890949913940764
-0.31725949762712863 -0.18244506298858776
-0.310574039208555 -0.19474116850705647
-0.30557168425247255 -0.20900364359898468
-0.3005741734653914 -0.22234613673994033
-0.29422827135631063 -0.23443472833835663
-0.29020304805084957 -0.24827958518867296
-0.2855618159276371 -0.2614820342059748
-0.2802874501878912 -0.2740323228547194
-0.2789030596225719 -0.28964597533384306
-0.2769193863226212 -0.3046389008626872
-0.27643604104009456 -0.32000973641459407
-0.27223197641070207 -0.3322647142790852
-0.2683347701026766 -0.34537537219455156
-0.26906336007811726 -0.36141352954792144
-0.2670128510040291 -0.37581295776075313
-0.2678394364405183 -0.39102555182999255
-0.267694404414765 -0.40674836502212786
-0.2647728081803027 -0.41882303439948576
-0.26876924574758904 -0.4369346151287865
-0.26802159052697266 -0.45124397216540624
-0.27047072273281725 -0.4672733583950075
-0.273936483409488 -0.48398323132863824
-0.27535009841525176 -0.4997112548348515
-0.27662643167956874 -0.5145996359133144
-0.28009552249705394 -0.5317118391947565
-0.28517141097183896 -0.5492524712002914
-0.2869614526683472 -0.5643077115334826
-0.29013841496546156 -0.5809581130784487
-0.2922632095737408 -0.5961380526578902
-0.2949182256992893 -0.6122913659218625
-0.30187330590589717 -0.6307544792250888
-0.3045302618666711 -0.6461393117168686
-0.31099864670467303 -0.6640902160307348
-0.31585023529133976 -0.6808585194613768
-0.3203947004595353 -0.6980016397969782
-0.3279306354218258 -0.7170597314820688
-0.32315692517979105 -0.7164707461964912
-0.3178853335551544 -0.699525063063075
-0.3109737119007415 -0.681403552076612
-0.3033683746177323 -0.6627045611179828
-0.2987138719355878 -0.6459563417022101
-0.29245117240940577 -0.6280001745884013
-0.2881936416134018 -0.6113821613263938
-0.28093202667364364 -0.5931558920280308
-0.2753055880488264 -0.5753538464412792
-0.273392501846262 -0.5602169926127291
-0.26675533224936576 -0.5421210880959024
-0.2603354660357844 -0.5240519379828266
-0.2546826402236167 -0.5057752994967182
-0.24870066463967982 -0.48776593683260744
-0.2429352825304652 -0.46978288519653005
-0.24127778607862033 -0.4543183779058659
-0.23591812994022437 -0.43640836292096397
-0.2307735189900195 -0.41852173240171764
-0.2258436232373715 -0.4006575294299529
-0.2217003099479886 -0.38261393161540963
-0.21720163180436564 -0.36479541726591763
-0.21291652654162205 -0.3469951534484319
-0.2088446701114985 -0.32921147304118215
-0.20942362292226058 -0.3147611506546555
-0.20573893025524326 -0.29702318496467617
-0.20512007982870492 -0.28122071215192396
-0.20183666244855078 -0.26351128837193716
-0.1987646634008161 -0.24580622237235072
-0.1964974209531577 -0.22792692281764473
-0.1938503607956527 -0.21022478279197088
-0.19141479332948766 -0.19251818920500924
-0.18919093556536903 -0.1748038830583078
-0.18717910583923614 -0.15707839533323437
-0.18537973500524735 -0.13933803840778783
-0.1837933782995826 -0.12157889610112027
-0.17843634747434786 -0.13120295024240433
-0.1761644573387634 -0.14637408313068553
-0.1733493034483232 -0.16079864907420244
-0.17350002818319554 -0.17814623676906752
-0.17230612157120317 -0.19313977681794892
-0.17198614979862203 -0.2088713161445505
-0.1712390684251432 -0.2247660812132617
-0.17051767024833064 -0.2397826997072907
-0.17293280808533507 -0.2577644341882465
-0.17405650599004485 -0.274294127702462
-0.17214262328210764 -0.2870054649409853
-0.1751349345165855 -0.3050647259389549
-0.1760131994942874 -0.3209425113493079
-0.1800040084474384 -0.33890390389846725
-0.18421298506138684 -0.35689183665017055
-0.1886407582251404 -0.3749082346359033
-0.19328797485965885 -0.3929548513000826
-0.19815529148765315 -0.41103326719161076
-0.20324336577674246 -0.4291448881057802
-0.20855284803276805 -0.4472909427117311
-0.21408437262486316 -0.46547247969984923
-0.22119608322275244 -0.48014022038725857
-0.2271257992506539 -0.49836510815405016
-0.23327853228513676 -0.5166264122632246
-0.23965474879031173 -0.5349244450876554
-0.2430739814066145 -0.5514216424190471
-0.23825670348507447 -0.5502423320482718
-0.23167972293634997 -0.5318433076363411
-0.22477533857893744 -0.5136939790598648
-0.2186457011889611 -0.4953678825115974
-0.21110506509602717 -0.48172197208559786
-0.20451846525589099 -0.46473031393982883
-0.19724278898605846 -0.45103911311118355
-0.190996915911303 -0.43404984163656374
-0.18247358313814582 -0.42373415044613555
-0.17685588158455398 -0.4056489137185797
-0.16952069251010518 -0.39202031581062274
-0.1625329575201645 -0.3792647722651737
-0.1570860182353401 -0.3622555672349731
-0.1501305734904241 -0.34854371508438564
-0.14367765694077808 -0.33375734574731836
-0.13618951131517443 -0.322053438092085
-0.13017723556092178 -0.30811860523902396
-0.12388020417425773 -0.2951869584320467
-0.11878723180329558 -0.2782720500949844
-0.1131765642859163 -0.2642910441950105
-0.10754276195274153 -0.24938783800913825
-0.10461805209972899 -0.2312867582143166
-0.10191490950342538 -0.21321549607149692
-0.10075123480014711 -0.19589111682198795
-0.09979064155941017 -0.17859364339668932
-0.10183588980666904 -0.16455291708159847
-0.10461672460666294 -0.15042392155933498
-0.10813553357651448 -0.1361949282210082
-0.1145078215233575 -0.1251301591425963
-0.11826953202297379 -0.11085410695189661
-0.12349981063722368 -0.09812461627009689
-0.12560015787321613 -0.08234024163554181
-0.13046945747135116 -0.06965687763639127
-0.13416135667979345 -0.055377763770141794
-0.1373567163430425 -0.04028819043141799
-0.14009523649663233 -0.025287491837781437
-0.1429819323424957 -0.009348204169169178
-0.14359379704156755 0.00882083630796702
-0.14925455891277947 0.020869420039979585
-0.15083975514307443 0.038365753145746424
-0.15142903883442976 0.05655727780790499
-0.15224761394053776 0.07481969436145552
-0.15199060345742108 0.09195914473985131
-0.15326109321858142 0.11037909703889692
-0.14786360522606198 0.1200675933347679
-0.1460950911983606 0.13514002077054504
-0.13962412457586326 0.13831460206758575
$EndThetaValues
$RotorRadiiValues
0.0 11.46579406188536 11.854987098704484 -1.2665144101420724 -1.1752334131801334
0.01774911103723047 11.472914431809581 11.83532292154862 -1.2807092120736305 -1.1958264079191674
0.03549822207446094 11.484343031263535 11.822892438627845 -1.2932737170904205 -1.2154184430801136
0.053247333111691414 11.493286888434596 11.805426169830067 -1.307313607382883 -1.2358197047610877
0.07099644414892188 11.498045912505464 11.784406318453927 -1.3231909032569602 -1.2568637497639887
0.08874555518615235 11.500501335474288 11.760880068721379 -1.3399988952892175 -1.2784453617569689
0.10649466622338283 11.5132625779724 11.750342752981124 -1.3530949321786956 -1.2979643741733584
0.1242437772606133 11.523467774624411 11.734959323832927 -1.3673710818801341 -1.318360903452531
0.14199288829784376 11.52943745400211 11.71610718502399 -1.3831760945598452 -1.3394643722629465
0.15974199933507424 11.528620779665085 11.696256261470563 -1.4011876355744657 -1.3608881990497648
0.1774911103723047 11.531478952725362 11.676829637366488 -1.418023014277228 -1.3823897793349775
0.19524022140953518 11.542004526436775 11.663460970504337 -1.4325147771825304 -1.40281995405694
0.21298933244676566 11.550809304376315 11.648740852536427 -1.4476573052135162 -1.423623255390523
0.2307384434839961 11.551224583448645 11.630306540549189 -1.4652859276890065 -1.4453635019818933
0.2484875545212266 11.559978357708586 11.617562588488285 -1.4805431811719652 -1.4659915195587745
0.26623666555845704 11.578041448379047 11.61191265588811 -1.4934132416820574 -1.4850511398988675
0.2839857765956875 11.58619557403493 11.59823459485494 -1.5090628999747222 -1.5060671930668381
0.301734887632918 11.593142379618348 11.58509958695764 -1.5250689477873833 -1.527090756782553
0.3194839986701485 11.590158736583486 11.570252086810989 -1.5435617523889433 -1.5487239634836067
0.3372331097073789 11.581174572074351 11.558366128657694 -1.5635959177781038 -1.5697409876152357
0.3549822207446094 11.581561982141366 11.547566989136737 -1.5812450290598687 -1.5905983407111886
0.37273133178183987 11.593945716610243 11.539126830916816 -1.59586639964947 -1.6108804050528192
0.39048044281907035 11.609282094026742 11.531694919636385 -1.6099126249556956 -1.630943834678534
0.40822955385630083 11.618242716079575 11.522026160330835 -1.6255772201770238 -1.6518355897336918
0.4259786648935313 11.616201783982172 11.509803651538748 -1.6437962838727154 -1.6738034351114925
0.44372777593076174 11.60773096854977 11.499478585951906 -1.6635264972770059 -1.6953711623037298
0.4614768869679922 11.603190032153519 11.490850086154383 -1.6823587118180254 -1.716527678408283
0.4792259980052227 11.617063365497277 11.485708745119684 -1.6968448852292934 -1.7364173911799576
0.4969751090424532 11.635736300436456 11.49092691971921 -1.710404194617281 -1.7519945745850596
0.5147242200796837 11.655027774832632 11.495902255477853 -1.7240400307804862 -1.7677537755773889
0.5324733311169141 11.67774456775055 11.500073018588747 -1.7371915584849864 -1.7838896833272635
0.5502224421541446 11.701596109799459 11.505062817198652 -1.7503649601449216 -1.7997686627505183
0.567971553191375 11.724812917508956 11.510296140188585 -1.7638783759457586 -1.815620403706017
0.5857206642286055 11.744509897367609 11.518749246369131 -1.7781850903031253 -1.830429011428678
0.603469775265836 11.769294457715104 11.525254677141408 -1.791780446366856 -1.8460087825503686
0.6212188863030664 11.78987195059147 11.533883409639857 -1.8062181390439962 -1.8609921206376838
0.638967997340297 11.810838640621698 11.542933257949867 -1.8207104631318334 -1.8759627693411134
0.6567171083775274 11.832089448430137 11.551688271682591 -1.8352703383443816 -1.891130309805748
0.6744662194147578 11.857469230805554 11.560290131643695 -1.8493466518321835 -1.9064347263851245
0.6922153304519884 11.881578574033755 11.57069870287424 -1.863733701185153 -1.921335382765406
0.7099644414892188 11.90604323417882 11.580780902233823 -1.878188184087243 -1.9364290042581707
0.7277135525264493 11.922855066305372 11.595649715970373 -1.8937372875965754 -1.9504282487826088
0.7454626635636797 11.945747791939162 11.607369715812895 -1.9085695790276924 -1.9653469992158028
0.7632117746009102 11.960361520905995 11.621510416050157 -1.9245020386234237 -1.9798127620332726
0.7809608856381407 11.976960181116572 11.636345923940034 -1.9402286124391561 -1.9942567873202452
0.7987099966753711 12.00018479731107 11.648546305522997 -1.9552175196951653 -2.009385043716353
0.8164591077126017 12.012143050125784 11.665894545001983 -1.9715758154399694 -2.0235444444103243
0.8342082187498321 12.028614833701784 11.680302911394797 -1.9874416518072637 -2.0384238976888063
0.8519573297870626 12.035452690381991 11.69931588582651 -2.004419731501841 -2.052527033040792
0.869706440824293 12.046623364687495 11.71730844320629 -2.0209224846780542 -2.066960382957481
0.8874555518615235 12.069492236945795 11.732778481769333 -2.0361697474382288 -2.0819543521794133
0.905204662898754 12.10268135057047 11.74431748623753 -2.0504013191614803 -2.097702088757166
0.9229537739359844 12.136273073342329 11.75736721561721 -2.064718815612935 -2.113239811410867
0.940702884973215 12.175965608872017 11.76811630607125 -2.078568753144452 -2.1292067963228765
0.9584519960104454 12.21677299631748 11.778173801301294 -2.0924731623414066 -2.1453191834127967
0.9762011070476758 12.25819165173319 11.78980720293785 -2.1064784378268744 -2.161210595631237
0.9939502180849064 12.297543943638074 11.80268477612123 -2.120808873789755 -2.176945761181283
1.0116993291221368 12.340821941111942 11.814071863385795 -2.1349442791753583 -2.1929495252239777
1.0294484401593673 12.372466499299641 11.830153595197903 -2.15014257113187 -2.2082877607341347
1.0471975511965976 12.42324225430822 11.840929012786518 -2.163950991794117 -2.224455333247617
1.0649466622338282 12.465568958560468 11.854447559546959 -2.1785507545010834 -2.2402569765779843
1.0826957732710587 12.511339377658029 11.868934527607843 -2.193025067762111 -2.255962546925743
1.1004448843082892 12.554909331143172 11.883413827987846 -2.2077765007907484 -2.2717121223019903
1.1181939953455196 12.609238535203364 11.89629136286448 -2.2219423697688048 -2.2877174320447784
1.13594310638275 12.654126830530997 11.911782872243222 -2.2368537769716825 -2.3034100618101796
1.1536922174199806 12.691925905752454 11.930378596419011 -2.2522954813041807 -2.3187475419801715
1.171441328457211 12.748494029130862 11.944913705009025 -2.266725277212096 -2.33465297495421
1.1891904394944415 12.802287335552286 11.960703008806329 -2.281459750459301 -2.3504386611246146
1.206939550531672 12.860592306079102 11.976495296662161 -2.29608959018566 -2.3662633469154426
1.2246886615689025 12.908209465752778 11.994675406646095 -2.3114002904499147 -2.38184381476094
1.2424377726061329 12.971905910817457 12.011177943282497 -2.3260337162235145 -2.397665981901696
1.2601868836433634 13.03328475600646 12.02761506381971 -2.340931485680618 -2.4135335729637113
1.277935994680594 13.082503854030799 12.047569509951542 -2.3564964382961424 -2.4290472171988235
1.2956851057178242 13.149436373790747 12.06485389281789 -2.371415132315354 -2.444901446740362
1.3134342167550548 13.217323479982262 12.082925953068393 -2.3864509877438342 -2.460708881613574
1.3311833277922853 13.286133864239963 12.101805632092526 -2.4016044969700845 -2.476471137550475
1.3489324388295156 13.355834987767238 12.121512930761341 -2.4168760761006163 -2.4921899333335213
1.3666815498667462 13.426393046253425 12.142067833894059 -2.4322660613745555 -2.507867093133468
1.3844306609039767 13.487637264314237 12.165416096381437 -2.448084114160822 -2.5233170342174067
1.4021797719412072 13.559596054358172 12.187642420281822 -2.4636975905195224 -2.5389290325407172
1.4199288829784376 13.590182764967585 12.188778559186336 -2.4805812470306097 -2.556570215288473
1.437677994015668 13.534554825648579 12.161381874415834 -2.4999229912489693 -2.5769575982681294
1.4554271050528986 13.496285610408513 12.134933193181011 -2.5188163743546204 -2.5973266517022915
1.473176216090129 13.448710239845878 12.1095618975852 -2.5380447261059427 -2.6176597224675944
1.4909253271273595 13.40110052674389 12.084772048980842 -2.55733867450971 -2.6380038637880974
1.50867443816459 13.358706419692684 12.058897469294626 -2.576519187823113 -2.658539531438759
1.5264235492018203 13.320473307667445 12.033226066024534 -2.5956054571303007 -2.679136340905152
1.5441726602390509 13.284771633039352 12.010302853731062 -2.61464374901764 -2.699502083490338
1.5619217712762814 13.241819013446161 11.986055687415238 -2.633997071843067 -2.7200990319945015
1.579670882313512 13.202937051991489 11.961977435095625 -2.6532497560376864 -2.7407623649390764
1.5974199933507423 13.154996946292389 11.940555847149925 -2.6729219152494723 -2.7611806949640973
1.6151691043879728 13.123428280682884 11.917951890676406 -2.6919802271014612 -2.781829270582119
1.6329182154252033 13.096136577575194 11.894165483869639 -2.7108892970907537 -2.8027273418404315
1.6506673264624336 13.044658328293314 11.873632914025583 -2.730899271353328 -2.8232806614998247
1.6684164374996642 13.016302444115267 11.85209083398459 -2.749935539957997 -2.844063391528766
1.6861655485368947 12.987612849997735 11.831035395796963 -2.7690180170541385 -2.8648744443046725
1.7039146595741252 12.951422354861878 11.81029257102935 -2.788494758638811 -2.885740522354256
1.7216637706113556 12.914717410193102 11.791234061429117 -2.8080495109760726 -2.9064479507445524
1.739412881648586 12.89633590407685 11.77024848385642 -2.8267236083676286 -2.9275673706375276
1.7571619926858166 12.863433671971949 11.7495757441412 -2.8461638272639167 -2.948761883626798
1.774911103723047 12.840724917763396 11.72910539362233 -2.8651071936487096 -2.9700564263952955
1.7926602147602775 12.817506310699892 11.709216645407057 -2.8841007624748487 -2.991389959709693
1.810409325797508 12.783357007329998 11.691363122052916 -2.903724195075147 -3.0124854850174807
1.8281584368347383 12.755890852307699 11.673136228689144 -2.923019825006485 -3.033789409516457
1.8459075478719689 12.734701115235598 11.655502136049538 -2.9419864374124707 -3.055124745228592
1.8636566589091994 12.709838264846628 11.637093877733856 -2.9611918181487678 -3.0767894526990966
1.88140576994643 12.677905071743364 11.622059997059097 -2.9808563657213583 -3.0978818623976685
1.8991548809836603 12.642670914785043 11.608047222472376 -3.0007795228456526 -3.1188787296976104
1.9169039920208908 12.62943137575212 11.591425681155638 -3.0193624438703663 -3.140665054529385
1.9346531030581213 12.609291202050132 11.576359109212518 -3.0383980841725275 -3.1622703923425233
1.9524022140953516 12.591581170566725 11.560764632020131 -3.0572968960858438 -3.184238338160732
1.9701513251325822 12.57352205129357 11.547365232400717 -3.076236470492545 -3.2058268863386665
1.9879004361698127 12.554956689696848 11.534597990988747 -3.0952288556246543 -3.2274499177623186
2.0056495472070432 12.526958313119948 11.522959007342195 -3.1148911369724406 -3.248945379158317
2.0233986582442736 12.504423914575385 11.511224563125943 -3.134214315214306 -3.2707173071026556
2.041147769281504 12.519990360853322 11.512498888452857 -3.150872774861292 -3.2880162030439917
2.0588968803187346 12.554571932057213 11.523483575438936 -3.166251277346185 -3.3020189583284942
2.076645991355965 12.592137222634891 11.534747784143814 -3.1815043100683784 -3.3161486673477416
2.0943951023931953 12.626703924942744 11.547050307167487 -3.197026492689406 -3.330163551327907
2.112144213430426 12.66749318280275 11.559217865902447 -3.2122305377476508 -3.344412802665489
2.1298933244676563 12.711690745987298 11.57162446836617 -3.227318933114465 -3.3587654516401755
2.147642435504887 12.729766966890892 11.587923118334556 -3.244007927784284 -3.3722822917326827
2.1653915465421174 12.780624939769336 11.600793744081471 -3.25885867321199 -3.3868511150937906
2.1831406575793477 12.807917820111454 11.618062909368211 -3.2751021376637794 -3.4005296149159157
2.2008897686165785 12.834775361446187 11.634250469011837 -3.2914024669427775 -3.4146443786833554
2.218638879653809 12.878784190904716 11.650785169916748 -3.306846016076909 -3.428841895598038
2.236387990691039 12.91921719336216 11.66843275230063 -3.3225494222602414 -3.442960733744061
2.25413710172827 12.967284440733065 11.683985381544547 -3.337953639184482 -3.457634532138374
2.2718862127655 12.996345891438631 11.704182242484094 -3.3543294590285635 -3.4715467395934945
2.2896353238027305 13.044263478700898 11.72199748061324 -3.3698849855709945 -3.486045159663382
2.3073844348399613 13.080603071839297 11.741647457502179 -3.3860275835088767 -3.5003410339779104
2.3251335458771916 13.12823610516248 11.761837568067264 -3.401743044860478 -3.5146742128339667
2.342882656914422 13.172201292419095 11.782006309410807 -3.4176855213770145 -3.529133716954644
2.3606317679516526 13.212387519313616 11.802052738183377 -3.433840625832543 -3.5437251473452784
2.378380878988883 13.260306151658193 11.823122580194006 -3.44975850007466 -3.5582666497982496
2.3961299900261133 13.308216103845893 11.844857573308813 -3.465750041584608 -3.5728176878216167
2.413879101063344 13.35176661399959 11.867564281304462 -3.481963271493912 -3.5873372926237677
2.4316282121005743 13.399493025327622 11.89060576946226 -3.4980948673238474 -3.6019176370953563
2.449377323137805 13.438865555991512 11.913639137852902 -3.5145599206884475 -3.61660079918419
2.4671264341750354 13.481765390815884 11.938187730202962 -3.5309604443577958 -3.631186822253106
2.4848755452122657 13.538072102591586 11.962649453184003 -3.5470173811626715 -3.6458844806971404
2.5026246562494965 13.585951357231353 11.987008346370281 -3.5633952702078835 -3.660688415879698
2.520373767286727 13.623494958348262 12.013605814086247 -3.580111590928569 -3.6753217248162504
2.538122878323957 13.67004424474693 12.040421528270683 -3.5966307879427646 -3.6900288761757536
2.555871989361188 13.73257068562312 12.064904996174969 -3.612813880391249 -3.705082783482621
2.573621100398418 13.75934075068865 12.093423852345381 -3.6299220099585434 -3.719785845677273
2.5913702114356485 13.810919554235275 12.120650547293971 -3.646484874424069 -3.734715642153199
2.6091193224728793 13.872293521583734 12.148437149427 -3.6629043182897743 -3.7496720225723985
2.6268684335101096 13.928684104254145 12.177005533500655 -3.679508178936911 -3.764634309773321
2.64461754454734 13.97871297307058 12.207562356397911 -3.6963010633449014 -3.779492570936794
2.6623666555845706 14.039909524622303 12.23757252234523 -3.712955205658944 -3.794488476023653
2.680115766621801 14.0750009349533 12.267807324982957 -3.730112798215884 -3.8095456356067956
2.6978648776590313 14.14757936101451 12.298114626913785 -3.7467207455683007 -3.824674906320639
2.715613988696262 14.21506235897323 12.329182442077471 -3.7635061268495935 -3.839816326104488
2.7333630997334923 14.242141074257562 12.362076475031374 -3.780894355961129 -3.854886492337652
2.7511122107707227 14.269910838315559 12.393979305473557 -3.798288519445056 -3.870114386973517
2.7688613218079534 14.280830058113228 12.42540769708896 -3.8159022316572684 -3.8854507172644306
2.7866104328451837 14.254913524848838 12.453920365993914 -3.8339765384346896 -3.9010693778161105
2.8043595438824145 14.220908627310859 12.479519863602624 -3.852172526693167 -3.9169514081347545
2.822108654919645 14.190381024747884 12.506984245544503 -3.8703425459639575 -3.932743900645643
2.839857765956875 14.139109241465494 12.513910665235485 -3.8888411674395624 -3.950006972853625
2.857606876994106 14.08673945799892 12.522627931993267 -3.9074118696596054 -3.9671485498969448
2.875355988031336 14.017805464580242 12.508471856329313 -3.926330668751435 -3.985886596646569
2.8931050990685665 13.954646518367703 12.49504652927144 -3.9452416728769997 -4.004584999713113
2.9108542101057973 13.886359311856394 12.477973865331077 -3.9643467623019975 -4.023557630611856
2.9286033211430276 13.824435284396259 12.46580581945715 -3.9834176035585056 -4.042190122785209
2.946352432180258 13.757457905816842 12.450097348954156 -4.002697854434 -4.061093878251719
2.9641015432174886 13.693320063352465 12.437838315805491 -4.02201510088444 -4.079755417967103
2.981850654254719 13.632020109068936 12.428930347534129 -4.041359069915195 -4.098173872315791
2.9995997652919493 13.566276115811288 12.411002868045946 -4.0609264465041806 -4.117286480255834
3.01734887632918 13.502091800824564 12.397926171515683 -4.080561945795727 -4.136044244979145
3.0350979873664103 13.446257784860316 12.391924639383062 -4.100044482469791 -4.154260320872297
3.0528470984036407 13.384423550909704 12.384136257861428 -4.119817178304943 -4.172619267116268
3.0705962094408714 13.328741756863735 12.380613520025477 -4.139485165930624 -4.190645646562739
3.0883453204781017 13.269580667898273 12.372401526386277 -4.159377054234507 -4.209044612419475
3.1060944315153325 13.214365711899378 12.36576530590425 -4.179226210141255 -4.227322492443157
3.123843542552563 13.15666046967292 12.358600107932881 -4.199277429919469 -4.245646183803808
3.141592653589793 13.09767941691552 12.349459973084718 -4.219497455884266 -4.2641338257495365
3.159341764627024 13.043524109430123 12.345838245011755 -4.239624617428537 -4.282177322284817
3.177090875664254 12.987051753379458 12.341768214033353 -4.259969737623665 -4.300258450835856
3.1948399867014845 12.94328225778954 12.347317433951856 -4.279815824002849 -4.317555190801878
3.2125890977387153 12.88930907986634 12.34259274583229 -4.300257145287917 -4.335689308496995
3.2303382087759456 12.836116605129412 12.338359486067402 -4.320779396235881 -4.353784831167973
3.248087319813176 12.783711005914434 12.334611906296912 -4.341382486093578 -4.3718417612813125
3.2658364308504066 12.729262852431296 12.330563362378491 -4.3622312714107565 -4.3899246338215026
3.283585541887637 12.685834131142137 12.3371902392782 -4.382555728353806 -4.407128087660205
3.3013346529248673 12.63490146312728 12.3308886363111 -4.403447469836838 -4.425395993299356
3.319083763962098 12.593600982359987 12.342204124255312 -4.4238464421919375 -4.442215718695619
3.3368328749993283 12.543303599789127 12.338390614549459 -4.4449519229511605 -4.460276945093181
3.3545819860365587 12.499024722335497 12.341949180489838 -4.4657794238846265 -4.47773477175309
3.3723310970737894 12.453769553086037 12.343633290480714 -4.486801168059921 -4.495346369373265
3.3900802081110197 12.407636575653687 12.34348671861991 -4.508025430957972 -4.513107439893423
3.4078293191482505 12.359101998387537 12.339318076893827 -4.529591588949435 -4.531197378610246
3.425578430185481 12.318641291626975 12.348483642597163 -4.550656928646413 -4.548198863498145
3.443327541222711 12.276591674763019 12.351940993617072 -4.5719901377108645 -4.565667622190002
3.461076652259942 12.241396052712284 12.364692264988435 -4.592853590190203 -4.5823905178038675
3.478825763297172 12.195565008322271 12.364078464726527 -4.614825027337714 -4.600188749138559
3.4965748743344025 12.157355223048912 12.37105209017779 -4.636248634872942 -4.6173814256022725
3.5143239853716333 12.118490624542012 12.376274670845786 -4.657890022234008 -4.634716163476636
3.5320730964088636 12.079088458712524 12.379784683473588 -4.679756757075626 -4.652187900460397
3.549822207446094 12.04459832060384 12.390254900999262 -4.701262989284257 -4.669114915992026
3.5675713184833246 12.005083494380061 12.388635785051767 -4.723506650761528 -4.686990640067421
3.585320429520555 11.97145471045685 12.401788558154918 -4.745254282147302 -4.703716626445083
3.6030695405577853 11.935139283008798 12.403297454642095 -4.767517094506621 -4.721349147789134
3.620818651595016 11.900315417536657 12.409248251080573 -4.78980363526421 -4.738640010261005
3.6385677626322463 11.867618306868309 12.417824259136609 -4.812018399742672 -4.755733058456887
3.6563168736694767 11.831655483399224 12.41277614860205 -4.83493416183809 -4.773867730596808
3.6740659847067074 11.844067443322448 12.37807874226661 -4.850868064824864 -4.794315486436877
3.6918150957439377 11.865778569700998 12.354698064868435 -4.865523323363631 -4.813932256304726
3.709564206781168 11.892120192304619 12.33058924848066 -4.879649001388189 -4.83365027165887
3.727313317818399 11.919495710573154 12.310808697958345 -4.893772640314774 -4.85304854117477
3.745062428855629 11.949999332413205 12.295562887104525 -4.907637274005637 -4.872090094170106
3.76281153989286 11.978404954047974 12.27674150776898 -4.921905221864557 -4.891461105931651
3.78056065093009 12.012170031167688 12.262767229379113 -4.935674243324837 -4.910433725790203
3.7983097619673205 12.044539426234461 12.248900144715398 -4.949757087790454 -4.9294136187560085
3.8160588730045513 12.07450965168724 12.231427502734768 -4.964232855501322 -4.94873773022783
3.8338079840417816 12.109572975811293 12.220423971534446 -4.978290346526593 -4.967492882433908
3.851557095079012 12.143732384176474 12.207813540772028 -4.992576837970307 -4.986408730010511
3.8693062061162427 12.176847852128983 12.193583681003123 -5.007087236985823 -5.005492462747058
3.887055317153473 12.218906013156571 12.189866557553247 -5.0208798748647645 -5.023593412405038
3.9048044281907033 12.260171817565283 12.184553341869751 -5.034906587156908 -5.041847776811966
3.922553539227934 12.303353470900735 12.183261038166286 -5.048918414448958 -5.059720196469409
3.9403026502651644 12.338404029045648 12.172059290800888 -5.063745620495617 -5.0785450888526045
3.9580517613023947 12.376501090252665 12.161737113568515 -5.078426019830493 -5.097296672252054
3.9758008723396254 12.423929673161913 12.163662319489292 -5.092502202106534 -5.11485798878811
3.9935499833768557 12.467268036177627 12.15824945914667 -5.1070301251521375 -5.133136065780257
4.0112990944140865 12.513811935260758 12.16042945332183 -5.121455208670634 -5.1506717776895865
4.029048205451317 12.562715229547496 12.160046758090555 -5.135854632641155 -5.168458315312456
4.046797316488547 12.60080919105268 12.152355266202484 -5.151090761844474 -5.186962838365368
4.064546427525777 12.65880137895392 12.162884908028952 -5.165167745311709 -5.203679331081719
4.082295538563008 12.705323463696446 12.160910219965169 -5.180098403408305 -5.221621225435117
4.100044649600239 12.758154233371991 12.167387017274677 -5.194777255861517 -5.238739512595648
4.117793760637469 12.814010093744571 12.176592618324733 -5.209423775337534 -5.255599327037317
4.1355428716747 12.867290617719917 12.180360916781405 -5.224344083970083 -5.272986851428707
4.15329198271193 12.918338209150702 12.183769970287996 -5.239497165231728 -5.290410059207797
4.17104109374916 12.977721040459159 12.193067905747943 -5.254360659271224 -5.307276090197514
4.1887902047863905 13.039351494085349 12.206756571982025 -5.26926075176257 -5.323740309817847
4.206539315823622 13.0928412511793 12.211607694971413 -5.284652247676794 -5.341038344772478
4.224288426860852 13.152611466445348 12.220247792923626 -5.299888075361443 -5.357989523577158
4.242037537898082 13.207643595301372 12.226047990650201 -5.315431766291188 -5.375206852526323
4.259786648935313 13.266748644022206 12.233319797887559 -5.3309237108626775 -5.39229360880223
4.277535759972543 13.334963693227378 12.252495933228165 -5.346205652388235 -5.408318856139617
4.295284871009774 13.392318673936595 12.259869748553358 -5.361990365644956 -5.4254137299805105
4.3130339820470045 13.459802128107501 12.277931963125164 -5.377551918892923 -5.441580085686625
4.330783093084235 13.523360885756988 12.291581674455562 -5.393358645182159 -5.458151381482657
4.348532204121465 13.588834268241547 12.304446173997484 -5.409222201671854 -5.474804511498833
4.366281315158695 13.662175742552732 12.325945705342267 -5.424993239781205 -5.490751755660612
4.384030426195926 13.659900737233544 12.31230255343884 -5.442801630030121 -5.5096400192564925
4.401779537233157 13.594675842169098 12.297333242357361 -5.462306855250185 -5.528656153199942
4.419528648270387 13.525434937141494 12.277862035857742 -5.482042696378649 -5.548080825980804
4.437277759307618 13.454572075685913 12.25664191159758 -5.501960563504467 -5.567692422762622
4.455026870344848 13.391633900388433 12.243762227675953 -5.521755240677043 -5.586591033745625
4.472775981382078 13.324744118840773 12.226561916565688 -5.541806312567185 -5.605898326551051
4.4905250924193085 13.263407340257748 12.214954167914287 -5.561786751663454 -5.624714241615099
4.50827420345654 13.196792575227544 12.195316924608687 -5.582095241325518 -5.644296860238737
4.52602331449377 13.132423328038156 12.180242145552544 -5.602457873677208 -5.663478669410263
4.543772425531 13.078254405925609 12.175144601136324 -5.622517947613326 -5.681717312338842
4.561521536568231 13.014203744760303 12.157570843830193 -5.643137109930512 -5.701174148354168
4.579270647605461 12.95104731045819 12.140738124636059 -5.663868921498517 -5.72058885022569
4.597019758642692 12.88801162180628 12.126052546184981 -5.6847540099185 -5.7398157050142995
4.6147688696799225 12.826762719758387 12.110651625571645 -5.705710432175253 -5.759139921564136
4.632517980717153 12.766492446261795 12.095945351513594 -5.72677824538149 -5.778418060288156
4.650267091754383 12.715398257038812 12.091742458368488 -5.747473957929467 -5.796608734545153
4.6680162027916134 12.657102173109289 12.078228968952166 -5.76874256863427 -5.815791709084399
4.685765313828844 12.599853031493527 12.065368767796407 -5.790120836030368 -5.8349257836655415
4.703514424866075 12.54367570634056 12.053148041783366 -5.8116081028699735 -5.854009945906278
4.721263535903305 12.487980882166326 12.042955392488057 -5.83324756353367 -5.872887038521147
4.739012646940536 12.434044634598635 12.031969866923877 -5.854950922318325 -5.891866991723904
4.756761757977766 12.38125027117321 12.02158501934696 -5.876761011013516 -5.91079440376108
4.774510869014996 12.329620402291697 12.011788889311719 -5.898676992479403 -5.929668478881658
4.7922599800522265 12.2885099982719 12.013177455515656 -5.919891967175161 -5.947257323923914
4.810009091089458 12.239104125226431 12.00436437768862 -5.941992603654622 -5.966028205908344
4.827758202126688 12.196093712367775 12.002889875638923 -5.963707632486692 -5.983949337036119
4.845507313163918 12.149044597027942 11.995094006491863 -5.985999881613361 -6.00261310598224
4.863256424201149 12.103251639829674 11.9878419056821 -6.008393766344652 -6.0212209824810845
4.881005535238379 12.058300028605816 11.982515601317552 -6.0309359442627155 -6.039605747244954
4.89875464627561 12.015101311634039 11.976325035790373 -6.053530384253012 -6.05809898597411
4.9165037573128405 11.973220989921284 11.970655820162657 -6.076223397571129 -6.076534655701376
4.934252868350071 11.932679940268432 11.965501841240865 -6.099013912159548 -6.0949122195870835
4.952001979387301 11.89349909263859 11.960857759402083 -6.121900835943757 -6.113231154909784
4.9697510904245314 11.855699499647558 11.956719039638763 -6.144883059616314 -6.1314909492048635
4.987500201461762 11.819302409975652 11.953081984352488 -6.167959459581376 -6.1496910963197795
5.005249312498993 11.838846099771299 11.940881239802932 -6.182810751647905 -6.168968908544035
5.022998423536223 11.870520360195684 11.935745008467482 -6.196044142255891 -6.187368923268017
5.040747534573454 11.901606190553716 11.929412133116593 -6.209560441896349 -6.205926713843951
5.058496645610684 11.940224100350905 11.929750312003952 -6.222299273622634 -6.22363246820925
5.076245756647914 11.974668374278988 11.92707431393701 -6.235790215510237 -6.241725196449654
5.0939948676851445 12.011852766177991 11.926358206852816 -6.249145099101811 -6.259566469954242
5.111743978722376 12.050490372883596 11.924687979017667 -6.26253233027369 -6.277530882999512
5.129493089759606 12.08796101142579 11.92307751630526 -6.276233785938018 -6.295488050834263
5.147242200796836 12.134042945269629 11.928478170591031 -6.289231222543172 -6.3125412218873915
5.164991311834067 12.17754525821733 11.93099974241555 -6.302705334418386 -6.329967119316573
5.182740422871297 12.211727126332308 11.926708342925046 -6.317228374559151 -6.348266951811988
5.200489533908528 12.2613562445081 11.933424973398944 -6.330487077132834 -6.365155500903466
5.2182386449457585 12.306002047840762 11.935403855361633 -6.344379313884948 -6.382652535084518
5.235987755982989 12.35761956546223 11.94443859785018 -6.357869325243634 -6.399259109821621
5.253736867020219 12.410467262712562 11.95404295205385 -6.371464659867489 -6.4158083848248975
5.2714859780574495 12.46452433839074 11.964230070930451 -6.385166370100102 -6.4323010382240895
5.28923508909468 12.51976945194045 11.975013704310706 -6.398975468816918 -6.448737798803872
5.306984200131911 12.57618067103217 11.986408169945317 -6.412892927051434 -6.465119449946785
5.324733311169141 12.633735420223232 11.998428322450046 -6.4269196715809365 -6.48144683353609
5.342482422206372 12.692410430730142 12.011089519899594 -6.441056582464644 -6.497720853804617
5.360231533243602 12.752181691377446 12.024407587834267 -6.455304490528092 -6.513942481112886
5.377980644280832 12.801094727685221 12.041719877232653 -6.470315342166613 -6.52974178747276
5.3957297553180625 12.862704127854524 12.056316720102886 -6.484769609616018 -6.545877313126406
5.413478866355294 12.925332345096177 12.07161701824098 -6.499336795403526 -6.5619639167384225
5.431227977392524 12.988952034159087 12.087637816241537 -6.514017501351465 -6.578002858249283
5.448977088429754 13.047025130041458 12.096297556569633 -6.529102956386223 -6.594840258149667
5.466726199466985 13.04285181278291 12.084110818258196 -6.547039249982517 -6.613874938281696
5.484475310504215 12.978180136834906 12.06762611749841 -6.567773112771351 -6.633391212770916
5.502224421541445 12.915216355909237 12.050513184815278 -6.588585249031054 -6.653010255769241
5.5199735325786765 12.852509726592842 12.03548695106317 -6.609547063661583 -6.672432086708275
5.537722643615907 12.806405614898035 12.0172183056271 -6.62976665832549 -6.6922551198022
5.555471754653137 12.74972303603988 12.001458006541764 -6.650685313157645 -6.71183023199488
5.5732208656903675 12.704653132031734 11.984264211722984 -6.671063564304749 -6.731611929663519
5.590969976727598 12.649497116120619 11.969685717376748 -6.692168353832307 -6.751118851112757
5.608719087764829 12.616434207648313 11.95006445569081 -6.712005256078574 -6.771285805782811
5.626468198802059 12.559269613938515 11.93730575813248 -6.733506014234589 -6.790640440581891
5.64421730983929 12.516882160058989 11.920855641829085 -6.7541589035761485 -6.810500059697972
5.66196642087652 12.477761424694988 11.905406754028967 -6.774685182625621 -6.830274454820407
5.67971553191375 12.426444464946629 11.893515640775679 -6.796226499552893 -6.8496121592292685
5.6974646429509805 12.385799284771377 11.878525326407628 -6.817106229404753 -6.869402284911088
5.715213753988212 12.342710301561306 11.864813881016875 -6.838304364658742 -6.889057331634031
5.732962865025442 12.309160640975142 11.849140661854085 -6.858836894272033 -6.9090329193628826
5.750711976062672 12.269870476105288 11.836742756924865 -6.879961048076714 -6.928581044028452
5.768461087099903 12.234057324799577 11.823936627021109 -6.9009011373432605 -6.9482251033141225
5.786210198137133 12.188174753550358 11.813713846973378 -6.922908873674128 -6.967514776376849
5.803959309174363 12.1510902040042 11.802592109519832 -6.944249665828468 -6.986969190181515
5.8217084202115945 12.11241345012521 11.791573128566542 -6.965897943839826 -7.006439140127087
5.839457531248825 12.066646827239287 11.785911755104173 -6.988479455321144 -7.025084931017049
5.857206642286055 12.022307050418974 11.780715235755531 -7.011156892656766 -7.043664801478701
5.8749557533232855 11.981094995626986 11.778488847938172 -7.033726217635319 -7.061772137474279
5.892704864360516 11.941237690705805 11.776655844401457 -7.056379451572244 -7.079817224453107
5.910453975397747 11.909850240466305 11.780563848982196 -7.078175086298578 -7.096936448719307
5.928203086434977 11.879153134580061 11.785909194645711 -7.100054367260538 -7.113830893710102
5.945952197472208 11.849151907013969 11.79272547933291 -7.122020635488688 -7.1305014574585535
5.963701308509438 11.826464014420297 11.805217655784467 -7.143088311613534 -7.1463057998710156
5.981450419546668 11.798031601073836 11.812681472276736 -7.16516866537822 -7.162911990794586
5.9991995305838985 11.773487128852235 11.823168917893938 -7.1868257949714485 -7.17907836656746
6.01694864162113 11.744123569134915 11.827416219559195 -7.20947933771311 -7.196193993946764
6.03469775265836 11.721398411735953 11.837341496036634 -7.231214986457714 -7.212479148737687
6.05244686369559 11.696752372430451 11.844939811799875 -7.253499327155382 -7.229122664262374
6.070195974732821 11.671799548270581 11.851566818285612 -7.276093530850202 -7.245917942934491
6.087945085770051 11.648118554621002 11.85728362537028 -7.2987106243103925 -7.262851867538514
6.105694196807281 11.624198510452306 11.863346884101515 -7.3216861538043325 -7.279743970439893
6.1234433078445125 11.598511345422011 11.86463693805803 -7.345457232558468 -7.297311732277832
6.141192418881743 11.582414126525059 11.876652845194432 -7.36723574405072 -7.31338810446296
6.158941529918973 11.560381682301635 11.880043747167258 -7.3908844752791945 -7.330670432318124
6.1766906409562035 11.539175850437854 11.88130718666624 -7.414824719689228 -7.348246203999165
6.194439751993434 11.519649241460607 11.883064837991318 -7.438843361819734 -7.36575469426235
6.212188863030665 11.502942962682404 11.882512656801918 -7.462521973407876 -7.383579333017388
6.229937974067895 11.48675064334829 11.885245182934302 -7.486688270482273 -7.400955269924756
6.247687085105126 11.478970853088988 11.873686827058453 -7.507829689915834 -7.4202929480237545
6.265436196142356 11.467883082499796 11.869928392182427 -7.5308774445869435 -7.438564371391234
6.283185307179586 11.465705827528183 11.856297709050807 -7.549745646318206 -7.4582321766248345
$EndRotorRadiiValues
