$SimulationHeader
$EndSimulationHeader
$Dimensions
4.1
16.2
24.0
-4.0
15.0
$EndDimensions
$DrawingSource
./DrawingImages/womanprofile.jpg
$EndDrawingSource
$DataCount
203
$EndDataCount
$XYCoordinates
15.845481049562682 26.0
15.612244897959183 25.9533527696793
15.379008746355684 25.906705539358605
15.145772594752186 25.860058309037903
14.912536443148689 25.813411078717202
14.67930029154519 25.673469387755105
14.44606413994169 25.533527696793005
14.259475218658892 25.393586005830905
14.026239067055393 25.253644314868808
13.886297376093294 25.02040816326531
13.699708454810494 24.78717201166181
13.513119533527696 24.60058309037901
13.419825072886297 24.367346938775512
13.279883381924197 24.134110787172013
13.233236151603498 23.900874635568513
13.139941690962099 23.667638483965014
13.093294460641399 23.43440233236152
13.0 23.20116618075802
13.0466472303207 22.967930029154523
13.0466472303207 22.73469387755102
13.0466472303207 22.501457725947525
13.0466472303207 22.268221574344025
13.093294460641399 22.034985422740526
13.233236151603498 21.801749271137027
13.373177842565598 21.568513119533527
13.513119533527696 21.33527696793003
13.699708454810494 21.19533527696793
13.932944606413994 21.102040816326532
14.119533527696792 20.91545189504373
14.306122448979592 20.775510204081634
14.39941690962099 20.542274052478135
14.492711370262391 20.355685131195337
14.539358600583089 20.122448979591837
14.58600583090379 19.889212827988338
14.63265306122449 19.65597667638484
14.67930029154519 19.42274052478134
14.819241982507288 19.23615160349854
14.959183673469386 19.002915451895042
15.192419825072886 18.769679300291546
15.425655976676385 18.58309037900875
15.658892128279883 18.396501457725947
15.705539358600582 18.16326530612245
15.705539358600582 17.93002915451895
15.705539358600582 17.696793002915452
15.752186588921283 17.463556851311957
15.752186588921283 17.230320699708457
15.705539358600582 16.997084548104958
15.612244897959183 16.76384839650146
15.565597667638484 16.53061224489796
15.518950437317784 16.29737609329446
15.472303206997085 16.064139941690964
15.379008746355684 15.877551020408164
15.285714285714285 15.644314868804667
15.285714285714285 15.411078717201168
15.192419825072886 15.177842565597668
15.052478134110787 14.944606413994169
14.959183673469386 14.711370262390671
14.865889212827987 14.478134110787174
14.772594752186588 14.244897959183675
14.772594752186588 14.011661807580175
14.67930029154519 13.778425655976678
14.58600583090379 13.545189504373178
14.492711370262391 13.311953352769681
14.44606413994169 13.078717201166182
14.39941690962099 12.845481049562682
14.212827988338192 12.612244897959185
14.026239067055393 12.425655976676385
13.979591836734693 12.192419825072887
14.212827988338192 12.099125364431487
14.44606413994169 12.099125364431487
14.67930029154519 12.192419825072887
14.912536443148689 12.192419825072887
15.145772594752186 12.145772594752188
15.379008746355684 12.099125364431487
15.612244897959183 12.099125364431487
15.845481049562682 12.099125364431487
16.078717201166178 12.052478134110789
16.311953352769677 12.005830903790088
16.545189504373177 11.959183673469388
16.778425655976676 11.86588921282799
17.011661807580175 11.77259475218659
17.244897959183675 11.679300291545191
17.478134110787174 11.63265306122449
17.71137026239067 11.492711370262391
17.94460641399417 11.352769679300293
18.177842565597665 11.212827988338194
18.411078717201164 11.119533527696793
18.644314868804663 11.072886297376094
18.877551020408163 10.932944606413995
19.110787172011662 10.746355685131196
19.34402332361516 10.606413994169097
19.57725947521866 10.513119533527698
19.810495626822156 10.419825072886297
20.043731778425656 10.373177842565598
20.27696793002915 10.279883381924199
20.51020408163265 10.1865889212828
20.74344023323615 10.1399416909621
20.97667638483965 10.046647230320701
21.20991253644315 10.046647230320701
21.443148688046648 10.046647230320701
21.489795918367346 10.2332361516035
21.443148688046648 10.466472303206999
21.396501457725947 10.699708454810496
21.25655976676385 10.886297376093296
21.11661807580175 11.072886297376094
21.02332361516035 11.306122448979593
20.79008746355685 11.53935860058309
20.603498542274053 11.77259475218659
20.416909620991255 11.959183673469388
20.230320699708457 12.145772594752188
19.997084548104958 12.332361516034986
19.810495626822156 12.518950437317784
19.57725947521866 12.705539358600584
19.39067055393586 12.938775510204083
19.15743440233236 13.125364431486881
19.017492711370263 13.311953352769681
18.784256559766764 13.545189504373178
18.644314868804663 13.778425655976678
18.457725947521865 14.011661807580175
18.411078717201164 14.244897959183675
18.224489795918366 14.478134110787174
18.177842565597665 14.711370262390671
18.08454810495627 14.944606413994169
18.037900874635568 15.177842565597668
18.037900874635568 15.411078717201168
17.991253644314867 15.644314868804667
18.037900874635568 15.877551020408164
18.037900874635568 16.110787172011662
18.08454810495627 16.34402332361516
18.08454810495627 16.57725947521866
18.177842565597665 16.81049562682216
18.224489795918366 17.043731778425656
18.271137026239067 17.276967930029155
18.457725947521865 17.323615160349853
18.690962099125365 17.137026239067055
18.924198250728864 17.043731778425656
19.15743440233236 16.950437317784257
19.39067055393586 16.857142857142858
19.62390670553936 16.76384839650146
19.857142857142858 16.717201166180757
20.090379008746357 16.67055393586006
20.323615160349853 16.76384839650146
20.416909620991255 16.997084548104958
20.51020408163265 17.230320699708457
20.603498542274053 17.463556851311957
20.836734693877553 17.603498542274053
21.02332361516035 17.79008746355685
20.930029154518948 17.97667638483965
21.02332361516035 18.16326530612245
21.20991253644315 18.30320699708455
21.163265306122447 18.536443148688047
21.20991253644315 18.769679300291546
21.443148688046648 18.769679300291546
21.676384839650147 18.909620991253647
21.909620991253643 19.002915451895042
21.909620991253643 19.23615160349854
21.723032069970845 19.42274052478134
21.629737609329446 19.65597667638484
21.489795918367346 19.889212827988338
21.396501457725947 20.122448979591837
21.25655976676385 20.355685131195337
21.349854227405245 20.588921282798836
21.443148688046648 20.822157434402335
21.489795918367346 21.05539358600583
21.583090379008745 21.28862973760933
21.676384839650147 21.521865889212826
21.676384839650147 21.755102040816325
21.816326530612244 21.988338192419825
22.002915451895042 22.221574344023324
22.096209912536445 22.408163265306122
22.23615160349854 22.64139941690962
22.23615160349854 22.87463556851312
22.23615160349854 23.10787172011662
22.189504373177844 23.34110787172012
22.002915451895042 23.57434402332362
21.769679300291543 23.714285714285715
21.583090379008745 23.947521865889215
21.349854227405245 24.040816326530614
21.11661807580175 24.134110787172013
20.88338192419825 24.27405247813411
20.650145772594755 24.27405247813411
20.416909620991255 24.27405247813411
20.183673469387756 24.413994169096213
19.950437317784257 24.55393586005831
19.717201166180757 24.693877551020407
19.483965014577258 24.740524781341108
19.29737609329446 24.927113702623906
19.06413994169096 25.02040816326531
18.83090379008746 25.02040816326531
18.644314868804663 25.160349854227405
18.411078717201164 25.113702623906708
18.177842565597665 25.113702623906708
17.94460641399417 25.06705539358601
17.71137026239067 25.02040816326531
17.478134110787174 25.113702623906708
17.338192419825074 25.346938775510203
17.104956268221574 25.486880466472304
16.871720116618075 25.626822157434404
16.638483965014576 25.720116618075803
16.40524781341108 25.860058309037903
16.17201166180758 25.906705539358605
15.938775510204081 26.0
15.892128279883382 26.0
$EndXYCoordinates
$RawThetaValues
-1.1042681086148876 1.9230853954446079 0.00960224896621694 0.12384139849651474
-1.1026601426622236 1.9373190652054384 0.01954297554549599 0.12115642126762724
-1.100914668879483 1.951527917372564 0.029469010604495183 0.11861907794224139
-1.0990323030695992 1.9657138492179107 0.03938213182724666 0.11622863312952988
-1.097013609269369 1.9798786471313221 0.04928405544415549 0.1139844526332577
-1.0984056546015266 1.9966567236642079 0.05959986567859445 0.10613014100265328
-1.0996075813429587 2.0134191943737725 0.06986989476915706 0.0984357726422192
-1.1014794555475396 2.027604070695308 0.07816198881281951 0.09067111615976492
-1.1023313483306079 2.044351433273347 0.08834999833368343 0.08325987031952209
-1.1082531663434272 2.0585349519207083 0.09490719607130978 0.06971173139696735
-1.1131022314546042 2.0752591313148634 0.10328464634438635 0.0565159371647121
-1.1160736252287025 2.0906975132680508 0.11146117537378199 0.04628269046682203
-1.1225471051469011 2.1021926300713365 0.11574035355386479 0.03259327192542047
-1.1279234863162904 2.1162530513209195 0.121847571501868 0.01926368745445145
-1.1352383152739633 2.125035078578441 0.12392282029718427 0.005242080034573003
-1.1414584063293203 2.136389856126032 0.12782626881219755 -0.00842934005336161
-1.148666647259171 2.14504808413932 0.12963827135202222 -0.02248380645667536
-1.1547446255456426 2.1563126771567935 0.13328591756863456 -0.036178731544008316
-1.164055557820696 2.1594795557797624 0.13088337947369666 -0.0510590805369685
-1.1722685172283067 2.16522324150501 0.13030661870942062 -0.06559248643410294
-1.1804725185655018 2.170871597646723 0.12958417710937267 -0.08016728551305913
-1.188669185194607 2.176424775815403 0.12871482704932954 -0.09478648037088712
-1.198004932304498 2.1791250971426566 0.12571005394546558 -0.10982732191189565
-1.2096465514458554 2.1761420663024653 0.11857375075552792 -0.12562221340299964
-1.2213153900510714 2.172954007235432 0.11127706925283827 -0.14139967444387203
-1.2330119117677067 2.1695599173308393 0.10382110967232913 -0.15715806583642372
-1.2425206154801827 2.1612150177280878 0.09490365811123067 -0.1672393215072465
-1.2514240752540362 2.148985862250571 0.08430855123698228 -0.1745087326778319
-1.2625505980324816 2.1413273671797 0.07494593114683261 -0.18733938047555568
-1.2719648352698727 2.1326194379580805 0.06589008077862366 -0.19710153885953607
-1.282641501241037 2.131222137673838 0.05989474149522001 -0.21237624382986184
-1.291633310853224 2.128826470128423 0.05419961609252388 -0.22466751129932963
-1.3012920775976358 2.1300021828691698 0.04989886670082579 -0.2398027401761862
-1.3109778709653344 2.131033637330772 0.045442072557215926 -0.25497678214909736
-1.3206921612520155 2.1319194492940463 0.04082852132199791 -0.2701904356342707
-1.3304364093222416 2.13265817353146 0.03605750974070334 -0.2854444195232051
-1.3406499190539378 2.1266295169104183 0.027809221713206156 -0.29787756066135673
-1.3526242213605046 2.121111795631608 0.018844089088917708 -0.3132992743134017
-1.3667484557215392 2.109406595991016 0.00584006362934886 -0.32872233449341287
-1.379061954536171 2.096859433944763 -0.00658146757165619 -0.34091020246279713
-1.3913137244216123 2.0841311387077486 -0.019053669798829158 -0.3529058793383967
-1.4013017557585468 2.08377458549459 -0.02461638248117191 -0.36810007014451573
-1.4103067065670525 2.0862911862176854 -0.028411871090499766 -0.38341711028544445
-1.4193374688928968 2.088681531554341 -0.03237137832066861 -0.3987977251781133
-1.429431783290147 2.087878644370581 -0.03840985063836603 -0.4141276247093005
-1.4385277312897635 2.089994251366237 -0.04269713242214111 -0.4296264614883482
-1.4466013328437415 2.0950799091578736 -0.04524877076415528 -0.44533735917597683
-1.4536090621084496 2.1031953881729533 -0.0460781170073804 -0.4612899136989901
-1.4616870252072034 2.1081128064575023 -0.04899479262057496 -0.4772019706954876
-1.4697772221565573 2.1129346216386584 -0.05209639886857829 -0.4932155890740005
-1.4778813648682485 2.1176597813732614 -0.05538585525478382 -0.5093343479065005
-1.4830061463318058 2.1252214733575023 -0.05589287587171676 -0.5225278419712317
-1.4899553729036716 2.1330337959299395 -0.05765413340729057 -0.5390506486511084
-1.4992539859237184 2.1342736376398443 -0.06337446909973138 -0.5553094390735009
-1.5062099649367406 2.1419333230646025 -0.06554633106541677 -0.5720969654769666
-1.5119180535283587 2.152860074765113 -0.0660703892174985 -0.5892558639211771
-1.5188138252710284 2.1604508480968025 -0.06868644641657921 -0.6063584661946166
-1.5256928826115688 2.1679939409969453 -0.0715301227028991 -0.6236242927216199
-1.5325561965664913 2.1754897114179843 -0.07460706502961933 -0.6410603194243015
-1.5420597095696045 2.1760628354447236 -0.0815957736525573 -0.6581256650770921
-1.5489478993864398 2.1833983389719633 -0.08514047568538513 -0.6758940604539949
-1.5558244111038797 2.190685197395081 -0.0889354838387909 -0.6938524387479584
-1.562690280893236 2.197923486756004 -0.09298741472144358 -0.71200852878089
-0.09909792077399243 -0.7300204068438074 4.712214626806529 2.2015444592865507
-0.10545376964590507 -0.7482002200010834 4.703894508148559 2.2050483049139435
-0.10675528724168135 -0.7677440065351145 4.699950729697396 2.2193467954010355
-0.10662111552985637 -0.7839088134561855 4.698139063500982 2.233834107837517
-0.1137932922014306 -0.8027675788433304 4.68982271690568 2.2372043499577865
-0.12611153181229326 -0.8079275485856634 4.678179966096541 2.2184033292801177
-0.13473284978747185 -0.8055266892929396 4.670754502066757 2.1999556879824316
-0.13977891668715545 -0.7957860199543535 4.66760086417795 2.1820153138553544
-0.14833491806572432 -0.7931888799475382 4.660683740553029 2.16394504884505
-0.15856030424664033 -0.7939931770317252 4.651980111970076 2.1458203311653676
-0.16870957946836693 -0.7946068118640907 4.643495937777091 2.1278005165830214
-0.17708882323498693 -0.7915630821386662 4.637272446216181 2.110154051530067
-0.1854267290145434 -0.7883994741677165 4.631277679730445 2.092657771293825
-0.19538435485906602 -0.7885236580703199 4.623456911614014 2.0750035612354742
-0.20527558842109062 -0.7884718716114655 4.6158482607089555 2.057451890309537
-0.21510271055583674 -0.7882475805121467 4.608450131609474 2.0400023479759906
-0.22650069955316524 -0.7911745328097799 4.5991918830784355 2.022273062745257
-0.23782327671114492 -0.7938801877485538 4.5901309159553145 2.00459517340293
-0.24907206271099866 -0.796367878265736 4.581267637533995 1.9869707994989392
-0.25863018397962234 -0.7954007940808435 4.5746875096331925 1.9698654661446207
-0.27135493064115035 -0.8007025510598378 4.564135037297616 1.95189000412651
-0.28400641473968047 -0.8057436428900935 4.553771246297546 1.9339158208581662
-0.29658520650236325 -0.8105266664323649 4.543598302532278 1.9159471088724862
-0.30747794417547647 -0.8119188959915884 4.535721237805951 1.898569536032269
-0.31670552578940975 -0.81000535280881 4.5301446421200975 1.8818518155497044
-0.32907377317173725 -0.8141103610333742 4.520562337735548 1.864006272007392
-0.3429730981628062 -0.8210228320116315 4.509069417765296 1.8455264980243287
-0.3552044964392367 -0.8246108437139534 4.499878170331666 1.8276918640165896
-0.3657741611704396 -0.8249579612858495 4.4929925180936525 1.8105836646192688
-0.37628892800580405 -0.8251214402430127 4.486303604867797 1.7935434635152125
-0.38517644922420713 -0.8221587945258272 4.481910915052162 1.7773006067639894
-0.39559514336069734 -0.8219901299924943 4.475609305308495 1.760411638350499
-0.4059648112094448 -0.8216457011789903 4.469500839505711 1.7435890758854637
-0.41474219141429386 -0.8182627004795702 4.4656725604956 1.7276004159710825
-0.4250276467557199 -0.8176004669586138 4.459942558395491 1.710922725008591
-0.43222647334604103 -0.8111420448343694 4.458555755282274 1.6958786731808084
-0.439435253798821 -0.8046176486644903 4.457331753463022 1.6809214947388975
-0.4349327190652008 -0.7921600157753557 4.465363792457194 1.6809984355775553
-0.426134741422908 -0.7794867552342434 4.4758975129236465 1.6876568731451889
-0.41742461400229625 -0.766752006343081 4.486421489299722 1.6941562280507134
-0.4072160869508181 -0.7592016786575201 4.495430720989311 1.7058236591062192
-0.3970110751688913 -0.7515082679043789 4.504507145254444 1.717411684400139
-0.3869390652272111 -0.7396704011625466 4.515372178296737 1.726510860642279
-0.37229558089175374 -0.7310963000599976 4.5272992389479345 1.744507304526385
-0.35918744915680234 -0.7211303253841688 4.5390113751432875 1.7593615977808608
-0.34744803367422245 -0.7138305455842643 4.548790467143826 1.773580325464075
-0.33569526159952223 -0.7063328394504508 4.558677844879771 1.7877227691409066
-0.32233115910159243 -0.6996207994368564 4.569152367158896 1.8048493539043673
-0.31054296701952394 -0.6916959149317352 4.5792774635846785 1.8188377579070965
-0.29711977622675384 -0.6844872902331062 4.5900489181358335 1.8358237785523928
-0.2839895510752081 -0.6731491510427146 4.602419906769115 1.8499868531468284
-0.2705226382395867 -0.6654260401863972 4.613469978863821 1.8667807272208383
-0.26036499667226504 -0.6558387940855411 4.62338900121514 1.8772701450386233
-0.24559659093109373 -0.6446303824702613 4.636673828708434 1.894114966657809
-0.23423477787447544 -0.6316849766185401 4.648694364520045 1.9045519096743162
-0.22122660123489624 -0.6192922000624581 4.661446322625347 1.9179192678631152
-0.21345501711869913 -0.6047353030723148 4.672059159628961 1.9217467919927833
-0.20058361601735233 -0.5920538593468683 4.68485053543823 1.9347281251779522
-0.19303803014379056 -0.5774093137223973 4.695405502934457 1.9381841329232705
-0.18385734398138137 -0.5633313190855951 4.706684488679941 1.9445658101943617
-1.5660149031631279 1.947668411605913 -0.17656871384533662 -0.5486593750245844
-1.556333107805946 1.947519984983368 -0.17120593248934302 -0.5334663716888638
-1.5459221524654463 1.9502918990331113 -0.1641993697378642 -0.5188207676466287
-1.53707422244238 1.9467809322058822 -0.16094642191485176 -0.5032089229733206
-1.527494391449879 1.9461935244857067 -0.15604839573187246 -0.48814365807766513
-1.518692410503353 1.9424329656052688 -0.15312723401655898 -0.4726599565353876
-1.5091694838345286 1.9415725385537934 -0.14854323420188298 -0.45769260300041187
-1.5011323589823211 1.9345652244768985 -0.14778436746141213 -0.4418892973308385
-1.4923707888644082 1.9304598824604553 -0.1453592875259026 -0.4265973052609729
-1.4836191981403961 1.9262413032986538 -0.1430962851892622 -0.4113641330385189
-1.484483941869709 1.914100951994862 -0.14968235379368894 -0.40667459406846646
-1.4953843210633575 1.9002306412951082 -0.1621019171453807 -0.4161242259140532
-1.5023667767551412 1.885835644244127 -0.1728979434645471 -0.41950771087402217
-1.509216830887129 1.8714197996242943 -0.18367225418755637 -0.42271623110918627
-1.5159335225714705 1.8569844954180255 -0.19442510398382917 -0.42575046838353203
-1.5225159434754072 1.8425310267050483 -0.2051568018080933 -0.4286111183987556
-1.527039487234566 1.8279345197283667 -0.21503873230093734 -0.4284200856740769
-1.5314203386558611 1.813354073131231 -0.2248995998636465 -0.42808135806094527
-1.5298745577368973 1.798454837226763 -0.232301535696503 -0.41903827707037006
-1.521125073025289 1.7919457663989817 -0.2319746162212966 -0.40345280205577416
-1.5123593607776542 1.7853288394390983 -0.23181363836904562 -0.38790918499600496
-1.5035753532967004 1.7786034397098893 -0.23181734288557743 -0.37240348230237375
-1.499761438514455 1.7635141593317092 -0.23886132679595196 -0.360544271052323
-1.493524019712325 1.7510962940501953 -0.2434926069331954 -0.34652026710592254
-1.4851295718787256 1.7559235191719054 -0.23719332304273613 -0.33665376050357404
-1.4781557438227582 1.7491328837205244 -0.23835349848716006 -0.3240494724406496
-1.4737298113689254 1.7368117800272733 -0.2439280793120836 -0.3128770171184891
-1.4638030427472508 1.738212787100545 -0.2391352464177194 -0.2995584226757219
-1.4545234055912686 1.73374095993028 -0.23819560761966535 -0.2848673195514207
-1.4560324883009488 1.719427896253976 -0.24753445088404138 -0.28140218184917287
-1.4516236501813329 1.7041163043508645 -0.25530284262620895 -0.26945014356861313
-1.4489866613914595 1.6891308210416607 -0.26366494363988474 -0.26018977248321173
-1.439334965104155 1.6873124041244743 -0.2612300556030708 -0.24628477124190667
-1.4306749253295583 1.697166045086507 -0.25181693600194177 -0.23806525282821378
-1.4205380675156463 1.7007818907046894 -0.2458002316193464 -0.22552753624988878
-1.4101292305169448 1.7070884328949938 -0.23799062714008679 -0.2136156369622322
-1.3999648709063863 1.7103942742035427 -0.23218429808076063 -0.20095078960089646
-1.389510804233056 1.7163807856504103 -0.22457729561851084 -0.18887623191218383
-1.380428574198101 1.7080527513529558 -0.22665157118000828 -0.17354024314127178
-1.3712943311238874 1.6995978916057244 -0.2288852714990459 -0.15818484063886457
-1.3618682980733179 1.693840873445004 -0.2293480688074718 -0.14346458673600038
-1.3526372378068452 1.685122404600883 -0.23189569719166808 -0.12806268600960308
-1.343344840697187 1.6762681156544916 -0.23460540038015154 -0.11262570314203715
-1.3335985510347987 1.6729257090090546 -0.23357288881166016 -0.09850449526572021
-1.324387466980391 1.6609644280760145 -0.23855532280960517 -0.0823145642762175
-1.3152150685664865 1.6460203900736636 -0.2456927502373993 -0.0653355552877561
-1.3076004795390768 1.6373462414995679 -0.24917707914069548 -0.05253114658954674
-1.2980464212724936 1.6249375143770273 -0.2546902391731058 -0.036081521232833355
-1.2880890564225764 1.6208875398979705 -0.25440178625199683 -0.021785728982750597
-1.2780962941722083 1.6166820366600791 -0.2542555945224007 -0.007441271764894869
-1.2679791530806996 1.6151627103265072 -0.25224205675665273 0.006208733425933674
-1.2575494485409655 1.6220037694528444 -0.24431748884634422 0.01772194674963893
-1.250954284259512 1.6333780925580195 -0.23438674514388053 0.02287353162838119
-1.2403925393738544 1.6399120662460418 -0.22663582350946093 0.03465222446043622
-1.2356291525399117 1.6520383712374913 -0.21673684035368543 0.03718828945870476
-1.230757816312865 1.664091214979712 -0.2068679729667337 0.03987564933048263
-1.2237892437754074 1.6750649434266718 -0.19711725651718548 0.04562120987052847
-1.222679672850865 1.6889885003780398 -0.18713095298204876 0.042793527378839576
-1.2214358390270017 1.7028647170415074 -0.17717317746203537 0.04011892005924874
-1.2141599488994583 1.7136372037255838 -0.16749189884084495 0.04630360212390614
-1.2067930489371719 1.7243034720012123 -0.1578579410238493 0.052638191627560005
-1.199336668308326 1.73486244882064 -0.14827207182032678 0.05912146464050068
-1.1956988230693064 1.747477113182943 -0.13848594202388578 0.059930775313657994
-1.186474830718024 1.7540358902768465 -0.13108534321873486 0.06999658937618798
-1.1807188106458888 1.7654158121371355 -0.12148378160798304 0.07397424919878591
-1.1787393111630184 1.7789693158947468 -0.11161454652219491 0.072269480009833
-1.17127796941125 1.7863915209665855 -0.10417982746627158 0.07974333574568612
-1.1710212255735453 1.8010024136834482 -0.09418451036972782 0.07538450396307192
-1.1687092113936166 1.814438370182181 -0.08436161077226147 0.0740834612417343
-1.168172936244099 1.8289800344411513 -0.0744148422531075 0.0700248406514354
-1.1674926812334092 1.8434904429177363 -0.06449325742368818 0.06611627201495945
-1.1610327867637753 1.8545278815983999 -0.05498611217220189 0.07104587305541599
-1.149973734900447 1.8566412465043718 -0.049887513687564 0.08509015849741033
-1.1415261035924569 1.8662822717858274 -0.040643467544079666 0.09314081066742932
-1.1330062594487913 1.8758033458870762 -0.03145574881304712 0.10132729944087858
-1.1262794953179882 1.8864543416495905 -0.02211394983233037 0.10674486678988418
-1.1176137882665238 1.8957538475180056 -0.013026286946559955 0.11519873085870382
-1.1125795833242975 1.9075062894739363 -0.003526184474119825 0.11798059631743953
-1.105608981540712 1.9179052540563555 0.00571856597916467 0.12379698397189041
-1.1049408507682408 1.9204960513426057 0.007660627630612981 0.1238163791095597
$EndRawThetaValues
$ThetaValues
0.00960224896621694 0.12384139849651474
0.01954297554549599 0.12115642126762724
0.029469010604495183 0.11861907794224139
0.03938213182724666 0.11622863312952988
0.04928405544415549 0.1139844526332577
0.05959986567859445 0.10613014100265328
0.06986989476915706 0.0984357726422192
0.07816198881281951 0.09067111615976492
0.08834999833368343 0.08325987031952209
0.09490719607130978 0.06971173139696735
0.10328464634438635 0.0565159371647121
0.11146117537378199 0.04628269046682203
0.11574035355386479 0.03259327192542047
0.121847571501868 0.01926368745445145
0.12392282029718427 0.005242080034573003
0.12782626881219755 -0.00842934005336161
0.12963827135202222 -0.02248380645667536
0.13328591756863456 -0.036178731544008316
0.13088337947369666 -0.0510590805369685
0.13030661870942062 -0.06559248643410294
0.12958417710937267 -0.08016728551305913
0.12871482704932954 -0.09478648037088712
0.12571005394546558 -0.10982732191189565
0.11857375075552792 -0.12562221340299964
0.11127706925283827 -0.14139967444387203
0.10382110967232913 -0.15715806583642372
0.09490365811123067 -0.1672393215072465
0.08430855123698228 -0.1745087326778319
0.07494593114683261 -0.18733938047555568
0.06589008077862366 -0.19710153885953607
0.05989474149522001 -0.21237624382986184
0.05419961609252388 -0.22466751129932963
0.04989886670082579 -0.2398027401761862
0.045442072557215926 -0.25497678214909736
0.04082852132199791 -0.2701904356342707
0.03605750974070334 -0.2854444195232051
0.027809221713206156 -0.29787756066135673
0.018844089088917708 -0.3132992743134017
0.00584006362934886 -0.32872233449341287
-0.00658146757165619 -0.34091020246279713
-0.019053669798829158 -0.3529058793383967
-0.02461638248117191 -0.36810007014451573
-0.028411871090499766 -0.38341711028544445
-0.03237137832066861 -0.3987977251781133
-0.03840985063836603 -0.4141276247093005
-0.04269713242214111 -0.4296264614883482
-0.04524877076415528 -0.44533735917597683
-0.0460781170073804 -0.4612899136989901
-0.04899479262057496 -0.4772019706954876
-0.05209639886857829 -0.4932155890740005
-0.05538585525478382 -0.5093343479065005
-0.05589287587171676 -0.5225278419712317
-0.05765413340729057 -0.5390506486511084
-0.06337446909973138 -0.5553094390735009
-0.06554633106541677 -0.5720969654769666
-0.0660703892174985 -0.5892558639211771
-0.06868644641657921 -0.6063584661946166
-0.0715301227028991 -0.6236242927216199
-0.07460706502961933 -0.6410603194243015
-0.0815957736525573 -0.6581256650770921
-0.08514047568538513 -0.6758940604539949
-0.0889354838387909 -0.6938524387479584
-0.09298741472144358 -0.71200852878089
-0.09909792077399243 -0.7300204068438074
-0.10545376964590507 -0.7482002200010834
-0.10675528724168135 -0.7677440065351145
-0.10662111552985637 -0.7839088134561855
-0.1137932922014306 -0.8027675788433304
-0.12611153181229326 -0.8079275485856634
-0.13473284978747185 -0.8055266892929396
-0.13977891668715545 -0.7957860199543535
-0.14833491806572432 -0.7931888799475382
-0.15856030424664033 -0.7939931770317252
-0.16870957946836693 -0.7946068118640907
-0.17708882323498693 -0.7915630821386662
-0.1854267290145434 -0.7883994741677165
-0.19538435485906602 -0.7885236580703199
-0.20527558842109062 -0.7884718716114655
-0.21510271055583674 -0.7882475805121467
-0.22650069955316524 -0.7911745328097799
-0.23782327671114492 -0.7938801877485538
-0.24907206271099866 -0.796367878265736
-0.25863018397962234 -0.7954007940808435
-0.27135493064115035 -0.8007025510598378
-0.28400641473968047 -0.8057436428900935
-0.29658520650236325 -0.8105266664323649
-0.30747794417547647 -0.8119188959915884
-0.31670552578940975 -0.81000535280881
-0.32907377317173725 -0.8141103610333742
-0.3429730981628062 -0.8210228320116315
-0.3552044964392367 -0.8246108437139534
-0.3657741611704396 -0.8249579612858495
-0.37628892800580405 -0.8251214402430127
-0.38517644922420713 -0.8221587945258272
-0.39559514336069734 -0.8219901299924943
-0.4059648112094448 -0.8216457011789903
-0.41474219141429386 -0.8182627004795702
-0.4250276467557199 -0.8176004669586138
-0.43222647334604103 -0.8111420448343694
-0.439435253798821 -0.8046176486644903
-0.4349327190652008 -0.7921600157753557
-0.426134741422908 -0.7794867552342434
-0.41742461400229625 -0.766752006343081
-0.4072160869508181 -0.7592016786575201
-0.3970110751688913 -0.7515082679043789
-0.3869390652272111 -0.7396704011625466
-0.37229558089175374 -0.7310963000599976
-0.35918744915680234 -0.7211303253841688
-0.34744803367422245 -0.7138305455842643
-0.33569526159952223 -0.7063328394504508
-0.32233115910159243 -0.6996207994368564
-0.31054296701952394 -0.6916959149317352
-0.29711977622675384 -0.6844872902331062
-0.2839895510752081 -0.6731491510427146
-0.2705226382395867 -0.6654260401863972
-0.26036499667226504 -0.6558387940855411
-0.24559659093109373 -0.6446303824702613
-0.23423477787447544 -0.6316849766185401
-0.22122660123489624 -0.6192922000624581
-0.21345501711869913 -0.6047353030723148
-0.20058361601735233 -0.5920538593468683
-0.19303803014379056 -0.5774093137223973
-0.18385734398138137 -0.5633313190855951
-0.17656871384533662 -0.5486593750245844
-0.17120593248934302 -0.5334663716888638
-0.1641993697378642 -0.5188207676466287
-0.16094642191485176 -0.5032089229733206
-0.15604839573187246 -0.48814365807766513
-0.15312723401655898 -0.4726599565353876
-0.14854323420188298 -0.45769260300041187
-0.14778436746141213 -0.4418892973308385
-0.1453592875259026 -0.4265973052609729
-0.1430962851892622 -0.4113641330385189
-0.14968235379368894 -0.40667459406846646
-0.1621019171453807 -0.4161242259140532
-0.1728979434645471 -0.41950771087402217
-0.18367225418755637 -0.42271623110918627
-0.19442510398382917 -0.42575046838353203
-0.2051568018080933 -0.4286111183987556
-0.21503873230093734 -0.4284200856740769
-0.2248995998636465 -0.42808135806094527
-0.232301535696503 -0.41903827707037006
-0.2319746162212966 -0.40345280205577416
-0.23181363836904562 -0.38790918499600496
-0.23181734288557743 -0.37240348230237375
-0.23886132679595196 -0.360544271052323
-0.2434926069331954 -0.34652026710592254
-0.23719332304273613 -0.33665376050357404
-0.23835349848716006 -0.3240494724406496
-0.2439280793120836 -0.3128770171184891
-0.2391352464177194 -0.2995584226757219
-0.23819560761966535 -0.2848673195514207
-0.24753445088404138 -0.28140218184917287
-0.25530284262620895 -0.26945014356861313
-0.26366494363988474 -0.26018977248321173
-0.2612300556030708 -0.24628477124190667
-0.25181693600194177 -0.23806525282821378
-0.2458002316193464 -0.22552753624988878
-0.23799062714008679 -0.2136156369622322
-0.23218429808076063 -0.20095078960089646
-0.22457729561851084 -0.18887623191218383
-0.22665157118000828 -0.17354024314127178
-0.2288852714990459 -0.15818484063886457
-0.2293480688074718 -0.14346458673600038
-0.23189569719166808 -0.12806268600960308
-0.23460540038015154 -0.11262570314203715
-0.23357288881166016 -0.09850449526572021
-0.23855532280960517 -0.0823145642762175
-0.2456927502373993 -0.0653355552877561
-0.24917707914069548 -0.05253114658954674
-0.2546902391731058 -0.036081521232833355
-0.25440178625199683 -0.021785728982750597
-0.2542555945224007 -0.007441271764894869
-0.25224205675665273 0.006208733425933674
-0.24431748884634422 0.01772194674963893
-0.23438674514388053 0.02287353162838119
-0.22663582350946093 0.03465222446043622
-0.21673684035368543 0.03718828945870476
-0.2068679729667337 0.03987564933048263
-0.19711725651718548 0.04562120987052847
-0.18713095298204876 0.042793527378839576
-0.17717317746203537 0.04011892005924874
-0.16749189884084495 0.04630360212390614
-0.1578579410238493 0.052638191627560005
-0.14827207182032678 0.05912146464050068
-0.13848594202388578 0.059930775313657994
-0.13108534321873486 0.06999658937618798
-0.12148378160798304 0.07397424919878591
-0.11161454652219491 0.072269480009833
-0.10417982746627158 0.07974333574568612
-0.09418451036972782 0.07538450396307192
-0.08436161077226147 0.0740834612417343
-0.0744148422531075 0.0700248406514354
-0.06449325742368818 0.06611627201495945
-0.05498611217220189 0.07104587305541599
-0.049887513687564 0.08509015849741033
-0.040643467544079666 0.09314081066742932
-0.03145574881304712 0.10132729944087858
-0.02211394983233037 0.10674486678988418
-0.013026286946559955 0.11519873085870382
-0.003526184474119825 0.11798059631743953
0.00571856597916467 0.12379698397189041
0.007660627630612981 0.1238163791095597
$EndThetaValues
$RotorRadiiValues
0.0 11.476078546517947 11.597444611903226 -1.2614669198560255 -1.2222744000207149
0.031104877758314782 11.478128404568302 11.58414947341542 -1.2916294109193245 -1.2567032405042748
0.062209755516629564 11.480101591440517 11.571385417083302 -1.3218444760754324 -1.2911458202385486
0.09331463327494435 11.481992552368812 11.559150971966423 -1.3521117410662375 -1.3256019861237074
0.12441951103325913 11.483796051581015 11.54744497848311 -1.382430871201067 -1.3600715713118803
0.1555243887915739 11.49032307879553 11.535799657180144 -1.4107905556100209 -1.3946993391052143
0.1866292665498887 11.497040824343154 11.524766389963155 -1.439213673967248 -1.4293284786322595
0.21773414430820348 11.504143661717407 11.516267922992975 -1.467620209226176 -1.4632907084562399
0.24883902206651826 11.511225600385934 11.506329924237665 -1.49615730305555 -1.497920057900475
0.27994389982483303 11.524932054360342 11.500228391660187 -1.522588711916523 -1.5313010634019633
0.3110487775831478 11.53922206147691 11.492770130519299 -1.5491687240010839 -1.5653223013563398
0.3421536553414626 11.550938686156343 11.485856477325724 -1.5767840665764814 -1.5992822700484273
0.3732585330997774 11.567474094745554 11.482382623180042 -1.6032489025681755 -1.631884630210259
0.4043634108580922 11.584516020858903 11.477596993320928 -1.6298681273857603 -1.665130449250163
0.43546828861640696 11.603437014167572 11.476016997683637 -1.6562908118060908 -1.6969637990105895
0.46657316637472174 11.622858893610756 11.473108644613358 -1.6828680539029182 -1.729440201884953
0.4976780441330365 11.643817886963172 11.471786795149331 -1.7093589456304725 -1.761182316638414
0.5287829218913513 11.66520004753798 11.469180178914854 -1.7360090554529588 -1.793571048955683
0.5598877996496661 11.689495615803285 11.470888874652978 -1.762321523356648 -1.8238301513036579
0.5909926774079809 11.71428155460235 11.47130375905827 -1.7887957979215532 -1.854732080771743
0.6220975551662956 11.740174935488854 11.471825997393426 -1.8153083891923636 -1.8855827989098537
0.6532024329246104 11.767177866948138 11.47245820714887 -1.8418605582483811 -1.9163819082060254
0.6843073106829252 11.796023429634557 11.474675075549204 -1.868339192773894 -1.9464305786521459
0.71541218844124 11.827460928654823 11.480137158727558 -1.8946508950411722 -1.975031020124264
0.7465170661995548 11.860018773448639 11.486008163783591 -1.9210362925230828 -2.0035813032757823
0.7776219439578695 11.893672057834209 11.492305437318286 -1.9474975025084282 -2.0320825326702763
0.8087268217161844 11.915787956370146 11.500231621375306 -1.9756692160128155 -2.060082755621017
0.8398316994744991 11.932016110443415 11.510205612667377 -2.0046775368684226 -2.0875128470801227
0.8709365772328139 11.961227089936683 11.519520446255978 -2.0321203122415805 -2.1153837033569864
0.9020414549911286 11.98393265958104 11.528975437996898 -2.060472140284607 -2.1433729915098114
0.9331463327494435 12.020281159515521 11.535475057017942 -2.0873279500123028 -2.1724222397897335
0.9642512105077582 12.050247499784751 11.541825719003876 -2.115066367513439 -2.2015797685561953
0.995356088266073 12.088011638335225 11.54673517371449 -2.142091430702889 -2.2312176148582514
1.0264609660243877 12.126813546120944 11.55192570445541 -2.1691797619750144 -2.2608055097526005
1.0575658437827027 12.166644593252618 11.557408915110415 -2.1963328002820193 -2.2903436286708008
1.0886707215410174 12.207495644048388 11.563196795638992 -2.223551961496702 -2.3198321782822253
1.1197755992993321 12.241456707775004 11.573484057281746 -2.2515470766832664 -2.3481522787095606
1.1508804770576468 12.284393791656594 11.585067476822136 -2.2788670613546866 -2.3762445286396012
1.1819853548159618 12.328216371978796 11.602609384787916 -2.306267627311989 -2.403006775976805
1.2130902325742765 12.363457338995628 11.620177902458817 -2.3345029534153348 -2.4299948562735394
1.2441951103325912 12.398658731897184 11.638610268566355 -2.362833655434277 -2.4569982189754462
1.2752999880909062 12.443966466158315 11.647085508745016 -2.3904964967126214 -2.4862844782763327
1.3064048658492209 12.49043722214163 11.652957803745288 -2.418213279848632 -2.516152364519182
1.3375097436075356 12.537885915998677 11.659161049454694 -2.445999094808859 -2.5459701819890674
1.3686146213658503 12.585941041378097 11.668772607436575 -2.4738791230704718 -2.57511896495172
1.3997194991241653 12.63527965748433 11.6757072893378 -2.501808478558237 -2.604840036882468
1.43082437688248 12.686045948261972 11.679877997859174 -2.5297817735471124 -2.635123320324918
1.4619292546407947 12.738346361699556 11.681240547793452 -2.557797164565888 -2.6659614825935294
1.4930341323991096 12.791247806860243 11.686059512059042 -2.585911182356287 -2.696129631681643
1.5241390101574244 12.845204158993212 11.691230236348954 -2.614097759990729 -2.726240563917859
1.555243887915739 12.90021840564254 11.696766055045517 -2.64235807174672 -2.756293767578452
1.5863487656740538 12.945757763333749 11.69762406496188 -2.6712039729098978 -2.7872367729454
1.6174536434323687 13.003414511133442 11.700614403963858 -2.699567814190418 -2.8177798224811
1.6485585211906835 13.060806729043488 11.71043178741808 -2.7280708296456346 -2.8470650693679387
1.6796633989489982 13.120723751203842 11.714201198525211 -2.7565882963312864 -2.877481145144634
1.710768276707313 13.182630880495736 11.715114191049297 -2.7851522495400007 -2.908419990127568
1.7418731544656278 13.244976338236143 11.719691836637923 -2.8138285231887457 -2.9386970454251795
1.7729780322239426 13.308538777764296 11.724705625357414 -2.842586490049383 -2.9689039722398967
1.8040829099822573 13.373333846098195 11.730175002388673 -2.8714277479537795 -2.9990394833722203
1.8351877877405722 13.437313962744593 11.742768177509879 -2.9004201405315406 -3.0279513693899
1.866292665498887 13.504492628530508 11.749245639052917 -2.929433149690932 -3.057948641998113
1.8973975432572017 13.572943141450933 11.756247483538491 -2.95853464736061 -3.0878712368646815
1.9285024210155164 13.642682193035698 11.763799565787384 -2.987726561331738 -3.11771785873471
1.9596072987738313 13.712368329477371 11.775336714227894 -3.017044542377244 -3.146933248354061
1.990712176532146 13.783179607944707 11.787525334201185 -3.046456907685274 -3.176083124518397
2.021817054290461 13.859801539857042 11.790044837258721 -3.0758655876579426 -3.206788981210046
2.0529219320487755 13.923539836146748 11.789784735296067 -3.105663168312804 -3.237934972766027
2.0840268098070904 13.998286810815376 11.803807406008492 -3.1353512432327753 -3.266848827823483
2.1151316875654054 14.018806816881048 11.828453413486914 -3.1660886480021584 -3.2942229881502736
2.14623656532372 14.009255616210734 11.84612161376136 -3.1973634314929313 -3.3227415625964136
2.177341443082035 13.970568721513901 11.856621537221127 -3.2291768470349718 -3.352342277365488
2.2084463208403493 13.960271378485928 11.87469085431327 -3.2604758587879434 -3.3809131367937733
2.2395511985986643 13.963459508737184 11.896720994894086 -3.2915203807097937 -3.409017002057936
2.270656076356979 13.965892367618524 11.91905124073895 -3.322579352277495 -3.4371731791507267
2.3017609541152937 13.953829156546819 11.937832050600896 -3.353913139982044 -3.465866434599499
2.3328658318736086 13.941301991540252 11.956826950745945 -3.3852591531296006 -3.4945923407741963
2.3639707096319236 13.941793515052874 11.979908838724263 -3.4163545036229648 -3.5228835605584106
2.395075587390238 13.94158854057775 12.003260244073884 -3.447463353772807 -3.5512234848931743
2.426180465148553 13.94070081617032 12.02687350904917 -3.4785854464003236 -3.5796112462643173
2.457285342906868 13.952289974174384 12.054771039123267 -3.5094669682880157 -3.6076024783903122
2.4883902206651825 13.963011589772105 12.083018992880017 -3.54036786893497 -3.6356549913116876
2.5194950984234974 13.972876753459854 12.11160360551115 -3.571287310687083 -3.6637680203684195
2.5505999761818123 13.969040870605637 12.136294481132994 -3.602464036424049 -3.6923628703859275
2.581704853940127 13.990082701745317 12.169731130435823 -3.6331787721637196 -3.720172456893236
2.6128097316984418 14.01011845829303 12.203605997127871 -3.6639211675555927 -3.7480539807301825
2.6439146094567563 14.029153598251003 12.23789919475986 -3.6946897377275185 -3.7760069128270612
2.675019487215071 14.034698804295708 12.26808141750581 -3.7256981148125954 -3.804425316104019
2.706124364973386 14.027077742397477 12.29399702435173 -3.756935788698061 -3.83328584624287
2.7372292427317007 14.043431405371114 12.329225058955329 -3.7877572400450665 -3.8614280555891654
2.7683341204900156 14.071008423489431 12.369474727932117 -3.818397132017979 -3.8892662174011106
2.7994389982483305 14.085341445348737 12.405461709990787 -3.8492667095548843 -3.9175516569964186
2.830543876006645 14.086728744639434 12.436979305264728 -3.8803490426149034 -3.946262063201938
2.86164875376496 14.087382149613767 12.46871258839913 -3.9114433160708737 -3.9750236602266344
2.892753631523275 14.07554487864584 12.495825254171477 -3.9427417000548246 -4.0041781626660535
2.9238585092815894 14.074871237803984 12.527942191667393 -3.973857678939335 -4.03303207687475
2.9549633870399044 14.07349568726202 12.560259221983607 -4.004985254616223 -4.061934675466832
2.9860682647982193 14.059991215700474 12.58788313918312 -4.03631509906219 -4.091205222477264
3.017173142556534 14.057349012307728 12.62056202336584 -4.067464445654676 -4.120195441210405
3.0482780203148487 14.031604382223666 12.643629269038417 -4.099010417136051 -4.149842668633948
3.0793828980731632 14.005640834841236 12.666887096145794 -4.130574583595255 -4.179506400842567
3.110487775831478 13.95619415756573 12.652341976256517 -4.162594829516723 -4.2115092300869765
3.141592653589793 13.906072164037518 12.624099106789826 -4.194682959257843 -4.244389581234796
3.1726975313481076 13.855900516427786 12.59637381108595 -4.226829101513181 -4.277279364162229
3.2038024091064226 13.826249957393623 12.564182214600205 -4.258576688788248 -4.31051053045066
3.2349072868647375 13.796113597462506 12.532334419862323 -4.290355964200921 -4.3437779001005214
3.266012164623052 13.749897998493692 12.501233614675828 -4.322537178174376 -4.3770531911323145
3.297117042381367 13.71654598961702 12.45661661513735 -4.354451025696064 -4.411377327891387
3.328221920139682 13.677913035413884 12.417293139518893 -4.386527373448373 -4.4454276984543935
3.3593267978979964 13.64970921229415 12.382579766439942 -4.418365176813517 -4.479221364524858
3.3904316756563113 13.620825477355101 12.348313182156575 -4.4502417204116345 -4.513065954823282
3.421536553414626 13.59504306815054 12.309950964949802 -4.482053674706735 -4.547343991240519
3.4526414311729408 13.56469489039244 12.276654418235642 -4.514013248441935 -4.581298570851349
3.4837463089312557 13.537179175098586 12.239369957158138 -4.545914302563073 -4.615705837585745
3.51485118668957 13.494078360638309 12.20356043009975 -4.578307684150232 -4.650099696865116
3.545956064447885 13.464847348239978 12.167524564911616 -4.610315693870368 -4.6846375769398305
3.5770609422062 13.428708871938163 12.140815178093478 -4.642570490330799 -4.718371452401568
3.6081658199645146 13.386673324946104 12.102717011989212 -4.675060316946347 -4.753358766095241
3.6392706977228295 13.338419586375045 12.074009010852013 -4.707819423662002 -4.78749844526483
3.6703755754811445 13.292533391554734 12.041794625782806 -4.74056301037087 -4.822128385788486
3.701480453239459 13.239032531641096 12.022885782011551 -4.773661866776899 -4.855364712181236
3.732585330997774 13.192787542333345 11.992131038884086 -4.806564890707493 -4.890041058278072
3.763690208756089 13.139819487159615 11.974431339879333 -4.8398172515725655 -4.923263334736275
3.7947950865144033 13.089356043447404 11.953228426473816 -4.8730584656224245 -4.956967779880183
3.8258999642727183 13.037255333656256 11.936657279716172 -4.906465046402363 -4.990154530827583
3.8570048420310328 12.98385154333899 11.924613955219542 -4.940034472603271 -5.0228012996007
3.8881097197893477 12.932916756875874 11.90907119557372 -4.973593344121442 -5.055933471963214
3.9192145975476627 12.879230289312451 11.901929495365813 -5.0073987895470164 -5.0879844526842835
3.950319475305977 12.828038294241871 11.89126552642257 -5.041192574391974 -5.1205196993728
3.981424353064292 12.77607392902657 11.884956939636993 -5.075145874204735 -5.1524809448034254
4.012529230822607 12.726487460311375 11.875134946637239 -5.109085869172579 -5.184934609436459
4.043634108580922 12.674840484623395 11.873518127575823 -5.143271243205484 -5.216263354488222
4.074738986339236 12.625578085177096 11.868368853621172 -5.177441879280279 -5.248084735719827
4.105843864097551 12.577222856095949 11.863587855668975 -5.21168354455933 -5.279859736896579
4.136948741855866 12.56248391469668 11.877566822536199 -5.243770681314857 -5.309018386431233
4.168053619614181 12.592254866622282 11.904460915701126 -5.272904247163915 -5.336487051601983
4.199158497372496 12.602983017373063 11.928400023831196 -5.303310999801175 -5.36446755269253
4.230263375130811 12.613189464995129 11.952804733512702 -5.333757615016066 -5.392488739332286
4.261368252889125 12.622870954140003 11.977666592938792 -5.364243357443378 -5.420550842223898
4.29247313064744 12.632024640325735 12.002977325567997 -5.394767523459618 -5.448654054752145
4.323578008405755 12.63141257616467 12.026718455932578 -5.425911089988727 -5.477026381789289
4.35468288616407 12.630327577293645 12.05081942312287 -5.457084600297877 -5.50543493306836
4.385787763922385 12.601492421728407 12.069177013857846 -5.490036882890632 -5.534536001569762
4.416892641680699 12.552398727270752 12.068361427409261 -5.524393928789174 -5.565729014049362
4.447997519439014 12.504214686863879 12.067959988138501 -5.558827937360815 -5.596877302566216
4.4791023971973285 12.45694274352248 12.06796922509016 -5.593338685983227 -5.627981181238093
4.510207274955643 12.42133614829437 12.08563518340515 -5.627105380306777 -5.657194251724961
4.541312152713958 12.379856950313844 12.0973610688359 -5.661421255392136 -5.687063957432403
4.572417030472273 12.351089364144219 12.08143347969998 -5.6948260850712575 -5.719850551959895
4.603521908230587 12.314847121104448 12.084354755300064 -5.728917918912302 -5.750644742459835
4.634626785988902 12.283206315574489 12.09846813775104 -5.7627159296320425 -5.7802628038638275
4.665731663747217 12.246093148382275 12.086326277508713 -5.797086709814931 -5.812645394093286
4.696836541505532 12.205933692678023 12.083956867843959 -5.831863381387637 -5.844001632533733
4.727941419263847 12.196582171966368 12.107665976730196 -5.863844833174254 -5.87262089535716
4.759046297022162 12.164685195679372 12.127657531163972 -5.898003790829625 -5.901679603535314
4.790151174780476 12.140358021443316 12.14944750449616 -5.931507333234083 -5.930603880487414
4.821256052538791 12.104472762579945 12.143073893857661 -5.966266514427176 -5.962341350361586
4.852360930297106 12.083628448757924 12.118656636927987 -5.99956091457745 -5.995909992937992
4.883465808055421 12.052367937978554 12.103236358998297 -6.034047190200667 -6.028604739027925
4.914570685813736 12.023274007996545 12.08344046631671 -6.068410701739805 -6.061790648278742
4.94567556357205 11.992998564721223 12.06888448307819 -6.103028701435402 -6.094455403576788
4.976780441330365 11.96477422252443 12.05002524674475 -6.137528847491889 -6.127620134598553
5.00788531908868 11.929840558682473 12.055143949916172 -6.173009574804844 -6.15816151464743
5.038990196846995 11.895903745249386 12.060676073165222 -6.208565660567085 -6.188661107467153
5.07009507460531 11.864364369246418 12.061824855776631 -6.244001786562749 -6.219640774797359
5.101199952363625 11.832421972031607 12.06816460933111 -6.279704127468753 -6.250057605728955
5.132304830121939 11.801508115998105 12.074937114777333 -6.315482596634574 -6.280432930388396
5.163409707880254 11.774208482832115 12.07235293230058 -6.350918730523778 -6.311815522910599
5.194514585638569 11.744076775976858 12.084863504549368 -6.387053311833063 -6.341583416651499
5.2256194633968835 11.71383437218286 12.10296222709881 -6.423504006652137 -6.370786901857345
5.2567243411551985 11.691958809612409 12.111872888318418 -6.458686755201063 -6.400969523994858
5.2878292189135125 11.665044955874773 12.126072201711054 -6.495086826564023 -6.430623171804218
5.3189340966718275 11.642753249938956 12.125326248901459 -6.5308431759933425 -6.461803734430449
5.350038974430142 11.621423185479548 12.124948317836827 -6.566659803457138 -6.492946980604529
5.381143852188457 11.602100049955862 12.119751715446945 -6.602287933610093 -6.524581023285485
5.412248729946772 11.586546733705875 12.099458758361838 -6.637236761959818 -6.557781260239332
5.443353607705087 11.579809535756247 12.07438949517798 -6.670069849906536 -6.591540491327944
5.474458485463401 11.564924334602944 12.055105021828831 -6.705144626072894 -6.624738953910862
5.505563363221716 11.561814218468166 12.030839715245317 -6.737107543733604 -6.658545237021297
5.536668240980031 11.558555336935676 12.007058692943309 -6.769122891300806 -6.692373823929199
5.567773118738346 11.551715057056823 11.983969548915898 -6.802178571267154 -6.726199394853805
5.598877996496661 11.55505982554628 11.960746819705182 -6.832322646430576 -6.760120825666514
5.629982874254975 11.558262199417372 11.938022693689259 -6.862520006598628 -6.794064182723559
5.66108775201329 11.550914179988748 11.916347876227132 -6.895725276177503 -6.82795703978665
5.692192629771605 11.543596843738493 11.895192717471453 -6.928988213849032 -6.861863603113506
5.72329750752992 11.536327262976807 11.874556916129595 -6.962308697293925 -6.895782860754433
5.754402385288235 11.535435422494269 11.853919976111547 -6.9936906301965776 -6.9297879570527705
5.78550726304655 11.524633782897514 11.838604686978062 -7.02825005426499 -6.963103959686984
5.816612140804864 11.520514014192925 11.819111405098996 -7.060724370641382 -6.997100164824799
5.847717018563179 11.52226935716357 11.799522053276451 -7.091242032303986 -7.031203166225
5.878821896321494 11.514688926174323 11.78506696351349 -7.1249245349202415 -7.064583845280418
5.909926774079809 11.519073646386175 11.766045762561484 -7.154525103379732 -7.098771283793544
5.941031651838124 11.520402090851658 11.747817182147054 -7.185181515225149 -7.132930726037757
5.972136529596439 11.524604224880646 11.729831972830363 -7.214889038739736 -7.1671535926973275
6.003241407354753 11.52873395944481 11.71237063695304 -7.2446506092972935 -7.201392991231622
6.034346285113068 11.523538819872858 11.696090479497308 -7.277450092783813 -7.235523830470881
6.0654511628713825 11.509449226609405 11.68754290035556 -7.313402865779463 -7.268260348759128
6.0965560406296975 11.501849264783562 11.672374055084148 -7.34729948005801 -7.302338916697438
6.127660918388012 11.49447880345384 11.657719564731009 -7.3812522282884565 -7.336418677958754
6.1587657961463265 11.489800182877051 11.643253512609173 -7.414246542941839 -7.370567578068692
6.189870673904641 11.482816822382144 11.629603843486723 -7.44830711097057 -7.4046518100019005
6.220975551662956 11.480603623564106 11.615783370046888 -7.480386482557757 -7.438889862413799
6.252080429421271 11.476112135814992 11.602777392741833 -7.51353175382703 -7.473061432962275
6.283185307179586 11.476097466566188 11.60010099070042 -7.544643441850649 -7.504812710455826
$EndRotorRadiiValues
