-1.10674802504251 1.75702284965272 -0.104341302167431 0.173480476727135
-1.12092531113378 1.66342154353115 -0.174919682132714 0.182326116792146
-1.13710092952084 1.57578108024931 -0.242848590043341 0.185862053776306
-1.15627067958100 1.49782329611656 -0.305225194630660 0.182273483261571
-1.17994303443399 1.43346190139312 -0.359106802885118 0.169080914877564
-1.20973894842075 1.38634093458002 -0.401836365920736 0.143676404668289
-1.24680372683532 1.35912593457777 -0.431542954038829 0.104120038137870
-1.29126823525961 1.35287299312951 -0.447589955576926 0.0498614696237509
-1.34206715058041 1.36690703732311 -0.450669896165587 -0.0180514304793171
-1.39718328013933 1.39929947306916 -0.442479993025981 -0.0973700926446777
-1.45408066595738 1.44759634359436 -0.425216346444881 -0.185300702406824
-1.51005739396597 1.50940609744510 -0.401155403332333 -0.279026241153616
-1.56242440656608 1.58270800728732 -0.372416769489561 -0.375956529753175
-0.340864184381537 -0.473762499224962 4.67462799995416 1.66593366120780
-0.308069974913127 -0.570290732346994 4.63727830686377 1.75790641070784
-0.275288182145155 -0.663421593692870 4.61113704298394 1.85767780094186
-0.243407632556102 -0.750899560906068 4.59834608379886 1.96424535855903
-0.212879118438640 -0.830152196013347 4.60042111208386 2.07610153606878
-0.183639592135252 -0.898132812447250 4.61767687881499 2.19057744553720
-0.155103154971762 -0.951279520211941 4.64848003682522 2.30306374847560
-0.126348775173783 -0.985770312170617 4.68863928358470 2.40646816699174
-1.55163512131098 2.49159440584105 -0.0966432817186945 -0.998280155280927
-1.51351858331165 2.54902435182497 -0.0662518676038632 -0.987202149150688
-1.48616704656493 2.57205608864017 -0.0370754355989136 -0.953705917214220
-1.47184424643557 2.55896124147830 -0.0124579215622002 -0.901670755886272
-1.46874845061005 2.51303868656012 0.00391663348329294 -0.836277850097081
-1.47237170845751 2.44074780967713 0.00927425308284754 -0.762252611461999
-1.47740576735109 2.34942236670931 0.00237108408894179 -0.682864396381664
-1.47918967285680 2.24568712705749 -0.0166066256890922 -0.599890772013590
-1.47440186396961 2.13479592900058 -0.0464911492832910 -0.514096288663684
-1.46116315359047 2.02061682868903 -0.0855844401752728 -0.425771768864983
-1.43883198878392 1.90592982478649 -0.131964338010981 -0.335133497991594
-1.40771412736222 1.79281387714842 -0.183635176856078 -0.242570527776926
-1.36881470430060 1.68302249941012 -0.238557394999503 -0.148801945120433
-1.32369086782455 1.57833229519771 -0.294586406312367 -0.0550169157448366
-1.27442761741382 1.48089649018399 -0.349331810657437 0.0369367353345509
-1.22374339169644 1.39365095403213 -0.399934818554689 0.124263489306544
-1.17519617866386 1.32077523922044 -0.442785976632146 0.202835259073344
-1.13331619712493 1.26799338148560 -0.473347736800130 0.266935338179133
-1.10314533519323 1.24197902102116 -0.486593848448407 0.309874448926992
-1.08852395857555 1.24790173031752 -0.478719791198390 0.326447173498338
-1.08983535979876 1.28613524592872 -0.449411443025856 0.316210604836464
-1.10372874426745 1.35180189369021 -0.402150806157825 0.283911209474312
-1.12525368380298 1.43778680669223 -0.342127352159772 0.236424810934812
-1.14991734044658 1.53759214467412 -0.274246358521668 0.179836809947424
-1.17442617664656 1.64623855485992 -0.202475503681485 0.118452418401836
-1.19665495967383 1.76001732477808 -0.129988782728393 0.0549315864094920
-1.21545511833982 1.87598648259280 -0.0594941954470289 -0.00934314278986391
-1.23052203697024 1.99153172623730 0.00648249401598924 -0.0739786156017545
-1.24234072971785 2.10403170578413 0.0653963873803367 -0.139383394531851
-1.25217356615990 2.21060043539075 0.114563198686547 -0.206618149274319
-1.26204461991094 2.30788241280861 0.151131816823461 -0.277202562306296
-1.27467426508477 2.39189674429295 0.172189777020499 -0.352788578767431
-1.29331095937914 2.45796267576252 0.175070569790891 -0.434610411760970
-1.32138502935472 2.50080605377327 0.157933842032762 -0.522664587505430
-1.36187538729219 2.51504777215416 0.120601353061662 -0.614729152794894
-1.41629707482812 2.49633126026042 0.0653770394814363 -0.705658642017303
-1.48344720235200 2.44311041017928 -0.00276005958339529 -0.787725018524884
-1.55857525093273 2.35837258022084 -0.0771652260290961 -0.852520403592880
-0.151465122160463 -0.893708736119727 4.64921239184513 2.24986335221461
-0.221187133169748 -0.908853811212668 4.58199469788393 2.12806872233706
-0.284123120115988 -0.899290088176073 4.52958665583095 2.00316097030124
-0.339657317154684 -0.868698997473788 4.49544697952915 1.88289600625846
-0.387860297968778 -0.821624983445233 4.48003178104811 1.77220381293477
-0.428847108677665 -0.762551540435327 4.48174814216900 1.67385992033687
-0.462468933496615 -0.695516186339416 4.49794125165814 1.58939585091115
-0.488234119824386 -0.624030583979798 4.52559662498086 1.51980043554648
-0.505357855314098 -0.551107598423573 4.56175515219866 1.46591224171834
-0.512886310319789 -0.479279597961125 4.60374547501632 1.42854610906786
-0.509872594310835 -0.410556640685128 4.64933068961439 1.40842208239889
-0.495586961443564 -0.346323489849137 4.69682049197954 1.40596436679532
-1.53803695232202 1.42104919299317 -0.469728287878161 -0.287221779603557
-1.48930962238941 1.45279594767737 -0.432585759265018 -0.233098675742004
-1.44010393729151 1.49948505007079 -0.385102981753687 -0.183099315526186
-1.39005364802788 1.55863431193544 -0.328830614169049 -0.135925920542575
-1.33880760668818 1.62720114980260 -0.265796611953744 -0.0902127148547359
-1.28632586343982 1.70184569306613 -0.198342516626867 -0.0449214195430308
-1.23309562063513 1.77920017212365 -0.128961758710883 0.000335102120126782
-1.18022259047694 1.85611443180199 -0.0601525746298526 0.0451030566810099
-1.12938914883348 1.92985748536787 0.00571305642180762 0.0880590758102524
-1.08270231079252 1.99824924297350 0.0664973138122613 0.127138413636030
-1.04247553291729 2.05969284131422 0.120363290218088 0.159787569576379
-1.01099398055605 2.11309156855582 0.165781797867330 0.183288902345251
-0.990303636587287 2.15766434897735 0.201475000557797 0.195099668582953
-0.982047163908537 2.19270617764191 0.226319434798836 0.193158746838187
-0.987351527547344 2.21736003517743 0.239253802776207 0.176134893641228
-1.00675778306893 2.23046871524354 0.239245651601342 0.143611806878661
-1.04017302427503 2.23056232713722 0.225361516271912 0.0962188184494552
-1.08682122853535 2.21601673560350 0.196958104016752 0.0357127934677013
-1.14518080871726 2.18539043845656 0.153969188148005 -0.0350094054360170
-1.21292861653206 2.13790261898313 0.0972085173419521 -0.112030064583444
-1.28695670935148 2.07394527974965 0.0285629543738321 -0.190746381137506
-1.36355716249046 1.99545061040358 -0.0490458242716194 -0.266460943575867
-1.43883198878392 1.90592982478649 -0.131964338010981 -0.335133497991594
-1.50926591275903 1.81012057010246 -0.216269843519835 -0.394063672791530
-0.298204701895752 -0.442261707803968 4.71091124660468 1.71337559892311
-0.374440807669770 -0.480407470673812 4.65666726841091 1.62104127782516
-0.442158443827480 -0.510476638507049 4.61129129847028 1.53801683956006
-0.499022241178506 -0.535194100062707 4.57394797364201 1.46852717893641
-0.543153367150114 -0.557447991718157 4.54332217111617 1.41602414209442
-0.573151016148331 -0.579742056387849 4.51812104520655 1.38311943185628
-0.588151643117761 -0.603739991780906 4.49752044048127 1.37151613555462
-0.587869268192927 -0.629957684745487 4.48147871081197 1.38197447377474
-0.572559938932780 -0.657645032655855 4.47086840164825 1.41436084178153
-0.542897400639003 -0.684849791026963 4.46741684334012 1.46777658013829
-0.499803116739816 -0.708605728123683 4.47347926965013 1.54068922744420
-0.444306602268782 -0.725185313242330 4.49166593308251 1.63095199046626
-0.377514872107221 -0.730413618238497 4.52431566496186 1.73562175750335
-0.300755874159767 -0.720120191554377 4.57280336815494 1.85057503195976
-0.215925389701336 -0.690846400558933 4.63675625648270 1.97008461375050
-1.56973059467123 2.08673042813833 -0.125969186315420 -0.640837555535192
-1.48531796014472 2.19208980811205 -0.0352472120606382 -0.571062326727620
-1.39958363696458 2.27828462097083 0.0506206007021250 -0.485655003643498
-1.31873822834972 2.33972634649902 0.125646428887088 -0.391225492371859
-1.24748955237688 2.37405916089491 0.184769815013577 -0.295186244668423
-1.18852782245982 2.38188805977028 0.224840185387356 -0.203983043252954
-1.14274256699626 2.36574485587657 0.244840152057690 -0.122054617225351
-1.10974118768895 2.32900289070430 0.245477480327441 -0.0516739444760204
-1.08833548462973 2.27514083527755 0.228551486187474 0.00666781986998373
-1.07688918793431 2.20739731835921 0.196404268518560 0.0537104158148399
-1.07355363330752 2.12869764196700 0.151566795022350 0.0909081733376215
-1.07644898053179 2.04172369595894 0.0965824604910935 0.120002437590154
-1.08383094130665 1.94903971180838 0.0339513717541358 0.142673372228902
-1.09425714909118 1.85322871729805 -0.0338549763089810 0.160251810891584
-1.10674802504251 1.75702284965272 -0.104341302167431 0.173480476727135
