-1.05755995935711 1.50017716597438 -0.278423817327860 0.305431710930435
-1.05181438625730 1.39318082259952 -0.358297787802445 0.338299656930532
-1.04688967285091 1.28901537202138 -0.437489562922196 0.368198045795306
-1.04479262877019 1.19264912552469 -0.512203049308445 0.391947849986474
-1.04941405363597 1.11128473355929 -0.577180654950753 0.403713211443789
-1.06632874688733 1.05419596001095 -0.625839320715664 0.395228625975850
-1.10030632470084 1.02923375236248 -0.652685092637820 0.359367483888658
-1.15141435489159 1.03726093345781 -0.657133169549138 0.295784195691255
-1.21495172307866 1.07218351661574 -0.643501127869964 0.210956286025436
-1.28507133488029 1.12635192306860 -0.617319164579723 0.112850231061176
-1.35702620615987 1.19389382972723 -0.583024388839195 0.00764822886349928
-1.42733351343479 1.27097000509836 -0.543744974860981 -0.100455839804338
-1.49333440919154 1.35513164218747 -0.501697493365440 -0.208570891154665
-1.55282565784988 1.44475437823167 -0.458525037355422 -0.314512419847183
-0.415487643151968 -0.416413403111023 4.67932512671737 1.53865823308664
-0.373546078809528 -0.512474340253795 4.63849352345084 1.63582913130531
-0.333381797132466 -0.600792785910623 4.60933773603266 1.73515607122102
-0.295387109763909 -0.679248058639588 4.59285718120033 1.83512547648621
-0.259662451665880 -0.745453211320651 4.58925879472401 1.93345690078899
-0.226070400377364 -0.796823088334577 4.59758306251122 2.02674309687864
-0.194403675020763 -0.830830734477064 4.61544424067371 2.11027864654021
-0.164693202053817 -0.845491803661112 4.63915277051926 2.17835871853676
-0.137579429927833 -0.839978054863793 4.66443159194940 2.22523756329556
-0.114533455940498 -0.815059127398497 4.68760687075882 2.24653988862703
-0.0977010616507456 -0.773023274438712 4.70672710604983 2.24045666524800
-1.56118587956907 2.20805697075462 -0.0893688769914712 -0.717019073725373
-1.54780136524859 2.15262773387374 -0.0913417493970064 -0.650178194929546
-1.53347520264861 2.07853855650732 -0.104560596468295 -0.574981702034436
-1.51537085238753 1.99021398379718 -0.129068170662976 -0.493060353257894
-1.49119552973498 1.89150315852977 -0.164212080305706 -0.405318114980663
-1.45940603987187 1.78543858640955 -0.208920202229581 -0.312172174921215
-1.41917059773239 1.67424197128400 -0.261943160918868 -0.213763076345459
-1.37020412260911 1.55942979493540 -0.322033546099957 -0.110074810054675
-1.31255268007986 1.44190872732697 -0.388080726482317 -0.000949480299352958
-1.24633984394705 1.32196682550381 -0.459254856675889 0.114031127463052
-1.17138331250283 1.19898681860221 -0.535287290370493 0.235935232114255
-1.08622550803029 1.07020797992217 -0.617357814614046 0.367801351023287
-0.983267782205922 0.923659788704394 -0.712901722208572 0.521763360470905
