-1.12718178997684 1.58171928345376 -0.236029855903974 0.196661724255227
-1.12861026266318 1.48310699904219 -0.309204570025993 0.220670821858422
-1.13181826200044 1.38890794199228 -0.380781203361175 0.240085246235896
-1.13836712002740 1.30346702669193 -0.447412117219742 0.252346389650720
-1.15075430392930 1.23196627647079 -0.505248077610660 0.253623995579051
-1.17195038429468 1.17987068526748 -0.550333546614074 0.239438037413556
-1.20429450133973 1.15145749427942 -0.579633736788362 0.206206921182279
-1.24822032110013 1.14809726025112 -0.592229907751311 0.153045164487223
-1.30191264563933 1.16787775442977 -0.589588166208280 0.0822140873124085
-1.36216545430863 1.20695457158583 -0.574633609809582 -0.00216098211424309
-1.42548175407121 1.26122171668454 -0.550590089536097 -0.0957009067020581
-1.48866789328259 1.32721569733041 -0.520332776515791 -0.194623713538998
-1.54895304796122 1.40230234352213 -0.486223231405367 -0.295885969298917
-0.450151902836687 -0.397013791725306 4.67927363817658 1.48454287347541
-0.413613785534196 -0.495868900814449 4.63181477481930 1.57247723650976
-0.377753871417901 -0.590432530032470 4.59380648453250 1.66489248955727
-0.343371833291205 -0.678620586478745 4.56690783751041 1.76056393710816
-0.310897925080734 -0.758132271577066 4.55229370537382 1.85793539828035
-0.280370125269026 -0.826353033602183 4.55033442085326 1.95472467559663
-0.251466330636182 -0.880369552614492 4.56020091426646 2.04751148265498
-0.223666449331473 -0.917191590716316 4.57956237638930 2.13149486418435
-0.196600993646977 -0.934261858540944 4.60466486503524 2.20073307633941
-0.170532593290803 -0.930192593464996 4.63104862038925 2.24911596697365
-0.146730191194065 -0.905403416842701 4.65481732076945 2.27189789282829
-0.127416792052936 -0.862194615616588 4.67387393204453 2.26705910201839
-0.115206069649997 -0.804079231890114 4.68841891844467 2.23569942709500
-0.112337305144157 -0.734745951285429 4.70050816346479 2.18132415601626
-1.57010311204870 2.10859074471336 -0.120140127404256 -0.657241330576530
-1.55415115513314 2.02219386928374 -0.138912520614449 -0.573664891441535
-1.53255483033378 1.92621348683988 -0.168104662347848 -0.485280325931707
-1.50388301402122 1.82390244275942 -0.206608270864871 -0.392801074055714
-1.46750412944459 1.71774951385796 -0.253011892771843 -0.296672882484596
-1.42344456413041 1.60966614037122 -0.305768913483890 -0.197286964395727
-1.37223956764821 1.50120980995071 -0.363274967431819 -0.0951316914409458
-1.31483621992309 1.39382151019539 -0.423862109968102 0.00907281350320585
-1.25259531360494 1.28911399744412 -0.485698857986108 0.114184484554622
-1.18746970936280 1.18933167392433 -0.546533017042442 0.218258253260215
-1.12254909999816 1.09828392259593 -0.603090325540745 0.317669305454966
-1.06339019080867 1.02339904907864 -0.649708105928181 0.405095307774302
-1.02020806277710 0.979051189719127 -0.676125247631951 0.466208153461615
-1.00585741253344 0.983716160467845 -0.669497478866179 0.482521601722330
-1.02181337486756 1.03940352577625 -0.628427025155698 0.451948727790289
-1.05582597912205 1.12816039874564 -0.565332630744410 0.392273644977688
-1.09672794585934 1.23372506654308 -0.491681282415951 0.319458358771422
-1.13852335558437 1.34733409459846 -0.413955722653127 0.241779480753841
-1.17826187650679 1.46440533403499 -0.335854468310066 0.163070974737942
-1.21451023720651 1.58211890030213 -0.259912509430554 0.0850510066506015
-1.24671607106129 1.69830220378921 -0.188243772091510 0.00833060664777945
-1.27498218540708 1.81090343268426 -0.122876755874304 -0.0671697203758454
-1.30000334102847 1.91770230201097 -0.0659098239104247 -0.142022813360067
-1.32305245013520 2.01612443376258 -0.0195619416313754 -0.217146171939357
-1.34595088685613 2.10311962131362 0.0138737928100341 -0.293604061769928
-1.37096936471965 2.17511453138764 0.0322005930647083 -0.372290649452792
-1.40060340698873 2.22809359843608 0.0336490846084129 -0.453455267226606
-1.43716432863186 2.25790708404679 0.0173737234160581 -0.536105035672797
-1.48215001709075 2.26092503018193 -0.0159851515492062 -0.617467545232098
-1.53546407368424 2.23506546351989 -0.0639400530429980 -0.692876936657341
-0.122351072342604 -0.756463326256560 4.68841252532269 2.18093212564685
-0.186308421528143 -0.802627220135480 4.62769305028686 2.10241919530441
-0.251323617842927 -0.827621912309969 4.57145420810029 2.00615984897754
-0.314162945812452 -0.830361814832294 4.52531747504330 1.89992369047335
-0.372973340328189 -0.812173218823910 4.49326370864032 1.79087093354625
-0.426888371708601 -0.775933880936424 4.47708519868503 1.68453805432306
-0.475503491037624 -0.725201957740368 4.47662014248451 1.58472595559746
-0.518468545711611 -0.663640106033513 4.49034911343968 1.49392802017179
-0.555254496609768 -0.594745540266346 4.51598651537880 1.41388490544558
-0.585059904951840 -0.521775282499155 4.55091179059694 1.34603451455447
-0.606814598090759 -0.447749165787820 4.59244113236315 1.29178304647042
-0.619260772215274 -0.375439127063370 4.63800461243685 1.25259031369515
-0.621112229490678 -0.307280560874894 4.68529983021508 1.22987550800950
-1.55071927927210 1.22476088697560 -0.611291352445064 -0.245178865102973
-1.50491666916106 1.23771607507976 -0.589210488218461 -0.190250578869490
-1.46096451829055 1.26823530247067 -0.555013608400205 -0.142620775571633
-1.41864023563573 1.31470455011324 -0.509675882240351 -0.101428014399528
-1.37724722871207 1.37453174541552 -0.454916656744658 -0.0651029772824607
-1.33598032063492 1.44447025165000 -0.392979757570042 -0.0318376762651642
-1.29429485234892 1.52099107353262 -0.326385071391036 -7.83436827837459e-5
-1.25217540561954 1.60059661887250 -0.257726084405285 0.0310945446924651
-1.21025914651893 1.68004595800405 -0.189530040431272 0.0617575086355421
-1.16981632571295 1.75650383159936 -0.124163982460588 0.0911085138169013
-1.13261622596025 1.82762425552509 -0.0637699818369592 0.117582190267495
-1.10071927376058 1.89156396379264 -0.0102273712279636 0.139082044808613
-1.07623983059323 1.94691730626166 0.0348509944440918 0.153286511178996
-1.06111905779460 1.99257943323532 0.0700864346651256 0.157980597225001
-1.05693440072154 2.02756953793364 0.0942803992840065 0.151369114218618
-1.06475601893497 2.05086634029027 0.106370283248680 0.132340577613227
-1.08504585123744 2.06131431096659 0.105434083368093 0.100666574753864
-1.11758611440374 2.05764968369933 0.0907740413253883 0.0571308968121097
-1.16142521600023 2.03867248580422 0.0620836383253026 0.00357859011065437
-1.21484433936680 2.00355519065458 0.0196637793758472 -0.0571430970557441
-1.27537585491103 1.95222913729388 -0.0353857810827666 -0.121398119697880
-1.33993015648041 1.88573565733724 -0.101092030997164 -0.185165191225024
-1.40508144772787 1.80640242244747 -0.174714059059385 -0.244605275644933
-1.46750412944459 1.71774951385796 -0.253011892771843 -0.296672882484596
-1.52446198335575 1.62414595077924 -0.332579517713658 -0.339594798258850
-0.410119672412952 -0.373079878675109 4.70898653083878 1.53035408351114
-0.482592231333408 -0.398234967130648 4.66707568858026 1.44112577078771
-0.547252816126523 -0.417256936348191 4.63252422942199 1.36093569605387
-0.601654920237647 -0.432992125037365 4.60408060089581 1.29382515210574
-0.643693089886426 -0.448423835445777 4.58012823936071 1.24326633133027
-0.671722641336742 -0.466128915435089 4.55916381168498 1.21197743219353
-0.684722559030960 -0.487772856386462 4.54024695259386 1.20170459635956
-0.682410729302772 -0.513758171974755 4.52331786695683 1.21307265603902
-0.665224806263430 -0.543126539132310 4.50929978621940 1.24560886549849
-0.634157996576700 -0.573715628961757 4.49997674977550 1.29794172857077
-0.590525950229358 -0.602467193754522 4.49770948178131 1.36805807171668
-0.535771056849686 -0.625768453970487 4.50506171700800 1.45346646053901
-0.471382893096212 -0.639782634241876 4.52436495256720 1.55117204012307
-0.398970367539534 -0.640814006525449 4.55721450424669 1.65746548964282
-0.320481727562953 -0.625792957676144 4.60392055426992 1.76763913079332
-0.238513572192185 -0.592917073327113 4.66304666855548 1.87585751610061
-1.55189675258303 1.97546226086226 -0.156560553296762 -0.542326913152260
-1.47926330316730 2.05984308631001 -0.0789806713802686 -0.476494407267789
-1.40741301072195 2.12362665707610 -0.0105156232931906 -0.399962637501445
-1.34088511828066 2.16361202086912 0.0445271710916092 -0.318377314468384
-1.28285781057869 2.17899872251759 0.0830525008921355 -0.237211378614352
-1.23496715968298 2.17093253801864 0.103554440650849 -0.160752603460974
-1.19752240068386 2.14175199568475 0.106021033187002 -0.0916607095918113
-1.16986859910984 2.09430962967545 0.0915535770197861 -0.0310319981757071
-1.15073433826553 2.03153513526326 0.0619351588420855 0.0212583389030858
-1.13851497414692 1.95623467417370 0.0192899188524275 0.0661329241216014
-1.13150235446925 1.87105287374654 -0.0341283127956280 0.104909112578373
-1.12808466945827 1.77852704065165 -0.0960342850620738 0.138946658417801
-1.12693287165063 1.68119151990319 -0.164125092759548 0.169343169276427
-1.12718178997684 1.58171928345376 -0.236029855903974 0.196661724255227
