-1.18568202618909 1.52868009930111 -0.225454329181337 0.201776198918261
-1.18338678884306 1.43768085203807 -0.298282186873858 0.222242825834807
-1.18332909883825 1.35046288461798 -0.369347409860331 0.238453260273235
-1.18706435740319 1.27101682269884 -0.435353721252148 0.248157752235618
-1.19700445838240 1.20398364678925 -0.492561921459032 0.248042626959116
-1.21598014119036 1.15417564067349 -0.537164719821771 0.234272151904176
-1.24625246055962 1.12538608127428 -0.566203069089876 0.203751042666018
-1.28836878404250 1.11899364777876 -0.578636594938525 0.155593626830003
-1.34078373933998 1.13356403610371 -0.575652858783487 0.0915920193626171
-1.40054914144523 1.16584170597811 -0.559914019150937 0.0152877870155115
-1.46432166258977 1.21213671785394 -0.534492950230697 -0.0693586770846134
-1.52898302630708 1.26917814647199 -0.502204140309113 -0.158772659498395
-0.465386188615615 -0.249971832651212 4.69136877086579 1.33436176131159
-0.425912762841406 -0.340469540218866 4.63271955717639 1.40568368096406
-0.385262722004805 -0.428095809986885 4.58033405914706 1.48157449353935
-0.344579807108706 -0.510828286847711 4.53605725552653 1.56071308167575
-0.304708389978787 -0.586660401653931 4.50146700870786 1.64182636679321
-0.266216930541118 -0.653518596389580 4.47774984998050 1.72345886223917
-0.229434929993395 -0.709248338593827 4.46548645563118 1.80370721064182
-0.194538506119073 -0.751702663434084 4.46438732220347 1.87995882592868
-0.161716005719615 -0.778967706993606 4.47308805686620 1.94874710455040
-0.131409759707440 -0.789719744840964 4.48918104575926 2.00589837730299
-0.104555261215183 -0.783612763690015 4.50963890589269 2.04710375477773
-0.0826672071968130 -0.761493454048573 4.53159517447737 2.06882876773934
-0.0676479631415471 -0.725255424116531 4.55316902942927 2.06918383681446
-0.0613571833777959 -0.677342806617445 4.57391605740437 2.04830902705423
-0.0651540138389977 -0.620148810806616 4.59470971709371 2.00811186047153
-0.0796301647424990 -0.555595928854031 4.61720983713968 1.95158294766142
-0.104600035099386 -0.485014343034986 4.64324312067084 1.88206477501664
-0.139265700296334 -0.409247391539896 4.67434095262560 1.80272999027937
-0.182432753478717 -0.328847685277357 4.71150829334658 1.71633057155543
-1.52800866862859 1.62515831745979 -0.232691070851821 -0.244265403350407
-1.47793036324677 1.53113021175135 -0.288526208640193 -0.155994130048518
-1.42198359858576 1.43593795123738 -0.348356867027272 -0.0646857632606218
-1.36112486420752 1.34124330083301 -0.410497467098186 0.0287270214510707
-1.29678046496923 1.24895001240846 -0.473025996802655 0.122836179409447
-1.23107339318732 1.16165286432501 -0.533491256262247 0.215375139815218
-1.16737816330299 1.08347904979374 -0.588308818488524 0.302426622004540
-1.11139869466047 1.02159751770932 -0.631650808056739 0.376945633163260
-1.07219445627489 0.987654665363459 -0.654402781899019 0.427340750052428
-1.05923169275131 0.993936286566096 -0.647109395824350 0.441315278448043
-1.07322063936099 1.04124557928442 -0.609147163986466 0.417979270957914
-1.10514058607946 1.11757501293865 -0.549722552107894 0.369154502463797
-1.14553707205859 1.21034037833664 -0.478611966540726 0.307103236653839
-1.18849606222920 1.31151194493739 -0.402239958834508 0.239344687588693
-1.23081087068993 1.41636788587045 -0.324580609872560 0.169833287156849
-1.27083325001286 1.52183182048919 -0.248389667319105 0.100537915768639
-1.30786370197304 1.62551875877503 -0.175907618150266 0.0323025746914573
-1.34188799020279 1.72523494007063 -0.109215290728006 -0.0347455674116271
-1.37347152270477 1.81869909507412 -0.0504084551629241 -0.100986419352018
-1.40370428041233 1.90337822935453 -0.00166223407792780 -0.167152090254990
-1.43412843488176 1.97640566699681 0.0348012364540695 -0.234140211834712
-1.46659436297648 2.03459381144413 0.0568585360052953 -0.302736984825514
-1.50299643727454 2.07458695627525 0.0627681137730892 -0.373222626186910
-1.54485488570127 2.09321879819176 0.0515873751907711 -0.444893655112472
0.0236399166985395 -0.515643743790392 4.69042605968242 2.08811706658156
-0.0191695956970414 -0.581861314174595 4.63738652333334 2.05848558822110
-0.0734536883059100 -0.638899731704037 4.58193249733155 2.00578588713989
-0.134964397680364 -0.682115227296878 4.52832715785518 1.93388533388190
-0.199508183282752 -0.708050677772846 4.48145513482229 1.84840497572259
-0.263694019655785 -0.715177326372100 4.44561366973660 1.75550432286312
-0.325202870810312 -0.703920909154090 4.42359939274466 1.66072477749864
-0.382618715568464 -0.676168370809249 4.41642246704506 1.56837946869606
-0.435064482881538 -0.634639840798308 4.42355266450716 1.48153536883414
-0.481854107902434 -0.582391318385737 4.44339359325692 1.40233815015043
-0.522251908454602 -0.522520720407066 4.47373764624604 1.33241380460871
-0.555346831197028 -0.458033357291065 4.51209974666302 1.27319361916727
-0.580023609327946 -0.391787253201691 4.55593536651544 1.22610635679939
-0.595019993513757 -0.326441618056332 4.60279525112380 1.19262422207659
-0.599071120573619 -0.264348578178409 4.65047468286656 1.17415948688155
-0.591137331216165 -0.207361696221787 4.69719138183638 1.17182309325221
-1.54140958558798 1.18610113810560 -0.570678095976430 -0.156596166080220
-1.49938787720472 1.21656802209681 -0.537885827084383 -0.112249072796116
-1.45965175629287 1.26177416390996 -0.493778406032491 -0.0736116726455257
-1.42144290839726 1.31936899590303 -0.440108263904793 -0.0393275146152879
-1.38387558924485 1.38639364742751 -0.379142042439294 -0.00781862552185529
-1.34629642227906 1.45961342610017 -0.313412839386806 0.0222699658237544
-1.30855054770077 1.53579463123724 -0.245518532494487 0.0517289421573008
-1.27111106489629 1.61189975838760 -0.177983485634235 0.0805983446716693
-1.23507313863750 1.68521471617123 -0.113167855139911 0.108136943641153
-1.20203715493143 1.75342222217445 -0.0532073515665551 0.132925924917360
-1.17391624011151 1.81462146920958 2.08930778973361e-5 0.153075837346601
-1.15270786723154 1.86728831998249 0.0449020062248975 0.166498472600664
-1.14026663970085 1.91018023995842 0.0800558968587431 0.171201670789264
-1.13810543661991 1.94220991266567 0.104291563746584 0.165568868050789
-1.14723807630644 1.96232936742368 0.116570920529864 0.148596130389536
-1.16806353810088 1.96947316398586 0.116016189149274 0.120072140652327
-1.20028451741836 1.96260120308193 0.101986931120469 0.0806938642099724
-1.24285584558633 1.94085956894410 0.0742296976901154 0.0321069367494732
-1.29397296123181 1.90384283027670 0.0330692600806267 -0.0231538778380947
-1.35113228416951 1.85189720601724 -0.0204235317836246 -0.0818603683805743
-1.41130784722222 1.78636504988993 -0.0843662314666014 -0.140446474988956
-1.47126937381408 1.70966550814723 -0.156154139943697 -0.195496368315207
-1.52800866862859 1.62515831745979 -0.232691070851821 -0.244265403350407
-0.310680100029459 -0.285093159057929 4.70401215812203 1.53683256356071
-0.386872800052008 -0.317598431841848 4.65980533827024 1.44893831647029
-0.458217543297127 -0.342629632310756 4.62286013508493 1.36567957050877
-0.521916898757589 -0.362017390875700 4.59250876020497 1.29101659873329
-0.575454163235910 -0.378197122415425 4.56739202459680 1.22854233018653
-0.616656059219317 -0.393752148997024 4.54585348298897 1.18135691917689
-0.643822738558341 -0.410919277740468 4.52638551314976 1.15188939874209
-0.655893031641531 -0.431126683642448 4.50804906937740 1.14169006778853
-0.652559281511197 -0.454671879867111 4.49076875197968 1.15128869674580
-0.634250918188261 -0.480631844692066 4.47542362781857 1.18021190073258
-0.601978741413214 -0.507008455989453 4.46372538098132 1.22716244196777
-0.557114608094776 -0.531020174208402 4.45794648428426 1.29025939680809
-0.501209152695957 -0.549436131630400 4.46057303601553 1.36720736136018
-0.435921072219250 -0.558909182064839 4.47391606855328 1.45531152480907
-0.363084389610305 -0.556335698125464 4.49967784447527 1.55133649940063
-0.284895745006991 -0.539295107630045 4.53848474328208 1.65129145231534
-0.204151708863885 -0.506573562005903 4.58947650310986 1.75030570266209
-0.124400345573514 -0.458655965456030 4.65013775215001 1.84280071844274
-1.56662070240791 1.92308072570626 -0.0498349491259184 -0.397943723650291
-1.49900021089849 1.98621874882961 0.0151637203107025 -0.328462585827608
-1.43450661913653 2.02886386886913 0.0667210711028626 -0.255056763313005
-1.37647010301057 2.04959813657899 0.102097727660929 -0.182377858338832
-1.32690153712647 2.04875695373512 0.119984703080885 -0.114081134190912
-1.28654370305251 2.02792137064075 0.120415224790897 -0.0524571953125637
-1.25513129582645 1.98936647606889 0.104439588911796 0.00153447060624590
-1.23170460157398 1.93564401665794 0.0737512613451290 0.0479952967029975
-1.21489985017626 1.86934322132572 0.0303843240181994 0.0877339061060145
-1.20319950337911 1.79299773830947 -0.0234796470195621 0.121915764881653
-1.19515037146668 1.70908931385166 -0.0856046691375240 0.151748299133930
-1.18956041626111 1.62011188084496 -0.153715800404386 0.178204556079342
-1.18568202618909 1.52868009930111 -0.225454329181337 0.201776198918261
