-0.594953857369197 1.95357192069101 0.177243329030431 0.770310204560013
-0.616681513545936 1.98225685067011 0.193357831291251 0.736012120665001
-0.637514865054521 2.00968289389394 0.208427468247692 0.702822362889020
-0.657568294552683 2.03601554986886 0.222560582228652 0.670569391396899
-0.676934000460146 2.06138808576679 0.235843009566520 0.639113576929378
-0.695687587314181 2.08590970032663 0.248343649657889 0.608339015606874
-0.713891964405226 2.10967121193436 0.260118340627812 0.578147817878019
-0.731600139214432 2.13274913075516 0.271212627967474 0.548456011587671
-0.748857265978243 2.15520864278976 0.281663786302815 0.519190531124603
-0.765702178565223 2.17710584137239 0.291502323294632 0.490286956946812
-0.782168557880286 2.19848942587074 0.300753115681465 0.461687785520235
-0.798285834866654 2.21940201535715 0.309436278310497 0.433341081676486
-0.814079898697949 2.23988117893990 0.317567835500053 0.405199411451999
-0.829573659070668 2.25996025418741 0.325160243368790 0.377218983700509
-0.844787497606991 2.27966900475839 0.332222797836932 0.349358949061346
-0.859739633843342 2.29903415442391 0.338761953437613 0.321580818760157
-0.874446424619202 2.31807982494666 0.344781571378942 0.293847975402876
-0.888922610949010 2.33682789838489 0.350283110524907 0.266125254780804
-0.903181523046946 2.35529831941968 0.355265771504854 0.238378582628021
-0.917235251678093 2.37350934967648 0.359726601614172 0.210574653849392
-0.931094792159366 2.39147778332967 0.363660566262233 0.182680644362994
-0.944770165945857 2.40921913127417 0.367060591272918 0.154663947642684
-0.958270523685049 2.42674777963412 0.369917579219701 0.126491929490329
-0.971604232813225 2.44407712722528 0.372220402091109 0.0981316956423966
-0.984778952141171 2.46121970570286 0.373955871868549 0.0695498676143082
-0.997801695384314 2.47818728544268 0.375108690010316 0.0407123627731186
-1.01067888520158 2.49499096967405 0.375661376338550 0.0115841750527067
-1.02341639899290 2.51164127897159 0.375594177394239 -0.0178708469804557
-1.03601960744838 2.52814822789486 0.374884953939785 -0.0476902278136638
-1.04849340662874 2.54452139532120 0.373509046934318 -0.0779131014258245
-1.06084224417468 2.56076998983352 0.371439120972463 -0.108580459445942
-1.07307014008451 2.57690291139288 0.368644983854068 -0.139735414033529
-1.08518070235572 2.59292881043755 0.365093380633896 -0.171423478569575
-1.09717713765214 2.60885614550290 0.360747760181970 -0.203692869383277
-1.10906225702593 2.62469324044840 0.355568011964536 -0.236594831920001
-1.12083847658877 2.64044834240864 0.349510170431810 -0.270183994975809
-1.13250781288110 2.65612968165972 0.342526084073745 -0.304518756877280
-1.14407187252515 2.67174553471456 0.334563045883627 -0.339661707766290
-1.15553183555867 2.68730429214038 0.325563381660255 -0.375680092448995
-1.16688843161871 2.70281453284238 0.315463992296070 -0.412646318575235
-1.17814190786587 2.71828510689754 0.304195845961336 -0.450638515212286
-1.18929198718811 2.73372522947781 0.291683415931437 -0.489741147144690
-1.20033781477452 2.74914458901058 0.277844059755147 -0.530045690440162
-1.21127789056626 2.76455347353597 0.262587335579004 -0.571651374933433
-1.22210998432419 2.77996292031008 0.245814251795926 -0.614665999248548
-1.23283102902886 2.79538489517368 0.227416446863786 -0.659206823748963
-1.24343698694559 2.81083251020768 0.207275297250812 -0.705401546312665
-1.25392268079516 2.82632029094942 0.185260953138245 -0.753389365016537
-1.26428157984773 2.84186450827267 0.161231303885955 -0.803322130644650
-1.27450552707069 2.85748359542754 0.135030878471941 -0.855365590436505
-1.28458438819952 2.87319867844353 0.106489690221916 -0.909700722831347
-1.29450559597098 2.88903425928543 0.0754220400651871 -0.966525161601424
-1.30425355149598 2.90501910767343 0.0416252978643214 -1.02605470771529
-1.31380882779915 2.92118744235523 0.00487868595578421 -1.08852493060880
-1.32314709448472 2.93758052088660 -0.0350579095486821 -1.15419287133021
-1.33223764142112 2.95424881728140 -0.0784450809473540 -1.22333888606008
-1.34104131285683 2.97125506453376 -0.125565000843875 -1.29626872464466
-1.34950755238937 2.98867860206666 -0.176722552666325 -1.37331605353255
-1.35757006722389 3.00662175025899 -0.232246697673552 -1.45484586156664
-1.36514027413219 3.02521944276420 -0.292492579336637 -1.54125964264324
-1.39797887199468 2.99321992527854 -0.327104951524380 -1.57671109520780
-1.45715141241216 2.90483273193264 -0.327613586337431 -1.54800507709243
-1.51070945026789 2.82264676441190 -0.329623481514931 -1.52138704260493
-1.55929036498985 2.74588465386128 -0.332830833953078 -1.49641319921441
-0.337014521584297 -1.47275931166915 4.67975989771958 2.67391203421465
-0.342009043729387 -1.45018144676352 4.63961896498395 2.60619871442828
-0.347687696997075 -1.42849158836199 4.60308262118676 2.54229385896188
-0.353951657924863 -1.40754182417318 4.56981167511128 2.48180918776980
-0.360722644756532 -1.38721372117752 4.53950861377563 2.42440703660683
-0.367937837328046 -1.36741097147502 4.51191103669744 2.36979151725463
-0.375546270900230 -1.34805417085997 4.48678650194624 2.31770174831619
-0.383506220471610 -1.32907702921418 4.46392837256171 2.26790652771448
-0.391783267653675 -1.31042356659806 4.44315240135243 2.22020004670702
-0.400348848397529 -1.29204600294466 4.42429387985196 2.17439838080930
-0.409179146138926 -1.27390314530982 4.40720523070295 2.13033657628405
-0.418254237430758 -1.25595913817833 4.39175395657321 2.08786620373099
-0.427557425052672 -1.23818248272764 4.37782088090823 2.04685328499340
-0.437074712328605 -1.22054525804592 4.36529863093009 2.00717652305761
-0.446794385208651 -1.20302249582678 4.35409032393682 1.96872578096515
-0.456706677604537 -1.18559167294921 4.34410842570472 1.93140076745961
-0.466803501790159 -1.16823229545665 4.33527375560630 1.89510989568299
-0.477078230219813 -1.15092555397327 4.32751461752629 1.85976928768995
-0.487525518423697 -1.13365403533111 4.32076603917456 1.82530190249218
-0.498141161080206 -1.11640147865632 4.31496910521121 1.79163676919753
-0.508921975187223 -1.09915256673913 4.31007037189136 1.75870830985347
-0.519865705633285 -1.08189274543738 4.30602135282535 1.72645573903965
-0.530970949525607 -1.06460806531151 4.30277806702350 1.69482252921962
-0.542237096451729 -1.04728504078321 4.30030064171750 1.66375593245919
-0.553664282497784 -1.02991052293576 4.29855296357338 1.63320655042156
-0.565253356364464 -1.01247158269673 4.29750237287196 1.60312794561444
-0.577005856346082 -0.994955401604940 4.29711939606309 1.57347628773215
-0.588923997294736 -0.977349167697581 4.29737751282524 1.54421002963829
-0.601010667000698 -0.959639974281675 4.29825295440350 1.51528960809468
-0.613269431698813 -0.941814719490868 4.29972453057527 1.48667716477753
-0.625704550672767 -0.923860004584126 4.30177348312085 1.45833628344242
-0.638321000187916 -0.905762028919805 4.30438336417120 1.43023173931330
-0.651124507251466 -0.887506479436185 4.30753993828308 1.40232925687801
-0.664121593989812 -0.869078412281613 4.31123110756866 1.37459527227067
-0.677319633761771 -0.850462123952339 4.31544685969993 1.34699669630070
-0.690726920511873 -0.831641008895273 4.32017923913918 1.31950067393279
-0.704352753332259 -0.812597399989724 4.32542234253974 1.29207433560741
-0.718207538775140 -0.793312387598337 4.33117233994788 1.26468453518128
-0.732302914179580 -0.773765611919190 4.33742752425918 1.23729756840900
-0.746651896200214 -0.753935022103532 4.34418839239503 1.20987886470856
-0.761269059926260 -0.733796593920249 4.35145776294409 1.18239264334829
-0.776170755560996 -0.713323995498585 4.35924093666468 1.15480152301247
-0.791375371744753 -0.692488187647646 4.36754590841831 1.12706607073141
-0.806903657465041 -0.671256941119070 4.37638364201965 1.09914427208389
-0.822779118426026 -0.649594247480793 4.38576842346459 1.07099089892957
-0.839028509225831 -0.627459592303453 4.39571831351760 1.04255674300543
-0.855682450448900 -0.604807048051785 4.40625572843583 1.01378767244892
-0.872776210966887 -0.581584127743856 4.41740818882757 0.984623452014747
-0.890350712184142 -0.557730316411080 4.42920929311523 0.954996243752370
-0.908453835654226 -0.533175161274380 4.44169999679002 0.924828668820383
-0.927142153463599 -0.507835745964052 4.45493031663915 0.894031255549807
-0.946483260758441 -0.481613286234914 4.46896163912710 0.862499011013778
-0.966558987469013 -0.454388441420398 4.48386990981037 0.830106710171958
-0.987469931009993 -0.426014694200367 4.49975014540559 0.796702255006169
-1.00934204099425 -0.396308726596150 4.51672299940546 0.762097031417565
-1.03233651965709 -0.365035937582226 4.53494464480983 0.726051409145175
-1.02647302980101 -0.344453034889136 4.55204465059238 0.728432002090716
-1.01803308419620 -0.324600671500411 4.56921262492395 0.734187558638373
-1.01000377710237 -0.304282221705992 4.58665575971600 0.739341550729828
-1.00240153218927 -0.283484552887618 4.60438335490072 0.743873722009277
-0.995244444275153 -0.262191852602569 4.62240664397930 0.747761398716924
-0.988552578434697 -0.240385174889092 4.64073910087258 0.750979043737186
-0.982348343973108 -0.218041878231701 4.65939682051779 0.753497701186587
-0.976656966250798 -0.195134921467036 4.67839899620288 0.755284297829324
-0.971507088335509 -0.171631970672661 4.69776852563019 0.756300754377550
-1.56565251615640 0.756502840136394 -0.966931547774376 -0.147494250477380
-1.54546062842372 0.755838674775914 -0.962968393937656 -0.122675043547496
-1.52480137190046 0.754246734934745 -0.959662242674995 -0.0971176959204028
-1.50362630110714 0.751653149779526 -0.957066114974071 -0.0707529122709484
-1.48187572049118 0.747967948313982 -0.955243988646275 -0.0434950038616391
-1.45947505139569 0.743079713640752 -0.954274432886249 -0.0152365443328990
-1.43632949570687 0.736847728593078 -0.954255946990455 0.0141594822993881
-1.41231590251152 0.729090000375345 -0.955315096850378 0.0448716538525494
-1.38726980100649 0.719564160106800 -0.957619485924482 0.0771392065520194
-1.36096353351441 0.707935237231449 -0.961399626778642 0.111294256065295
-1.33306662320832 0.693717221097773 -0.966988578536009 0.147820230747695
-1.30306666830776 0.676156348171983 -0.974901058417004 0.187468578693044
-1.27008828046060 0.653963790814431 -0.986014509598542 0.231526072716224
-1.23237993060178 0.624557534766715 -1.00208226204544 0.282572926175861
-1.18513404218660 0.580839360467254 -1.02791344636161 0.347705804574329
