-0.483002309897663 -1.36143191590113 4.33733247019226 2.07416942260593
-0.500699012719825 -1.32137266714366 4.30620023009081 1.98528123092485
-0.516664621611722 -1.27834176487375 4.28440105701068 1.90448554668291
-0.534046665439379 -1.23646093356654 4.26796330075889 1.82878491529626
-0.550112506465183 -1.19192910920612 4.25885449324716 1.75907844239831
-0.570014940524346 -1.15162312487492 4.25098451759597 1.69100004835675
-0.590945576615713 -1.11163764742678 4.24667817474878 1.62577759197005
-0.612853475825187 -1.07178242733110 4.24555952490411 1.56289582282024
-0.637766913910333 -1.03473429538926 4.24494136944966 1.50031609733878
-0.659512737375694 -0.991782171716843 4.25174790945047 1.44242469020183
-0.662202177585862 -0.935907382092769 4.27735067990971 1.40946323082683
-0.650831905826084 -0.873190143159637 4.31521475676793 1.39598034051169
-0.643672489229884 -0.809209982326087 4.35333034667923 1.37727518618564
-0.639281303943719 -0.745855128980246 4.39147127111457 1.35645244256131
-0.631379277763504 -0.681519507278649 4.43306033754432 1.34160791346967
-0.633705074941812 -0.621398447776013 4.46942093561059 1.31552165485499
-0.667080305048731 -0.581138567161065 4.48335194251366 1.25581755103620
-0.702856701707251 -0.541540479112886 4.49766436504012 1.19475548885597
-0.721250478045962 -0.483599147862751 4.53150014645360 1.15225616268060
-0.690618425091660 -0.457934370439030 4.55869134143396 1.18441463319153
-0.651459961483090 -0.487420132481279 4.55089981321994 1.24526733062833
-0.616320119194108 -0.481616535438462 4.56633734216572 1.29004110482028
-0.611750867971502 -0.424143206216027 4.60659850781505 1.27739819246978
-0.621751002450593 -0.361780897159446 4.64652838065497 1.24496562177403
-0.609594127073450 -0.307030019572440 4.68861949330849 1.24446273221769
-1.55259436721685 1.23427454874622 -0.604778942777433 -0.250055205150718
-1.50902964433112 1.21764061539629 -0.604723647261606 -0.189801253399222
-1.46252284302409 1.19036361787154 -0.612370401624633 -0.123664208930469
-1.41784319145461 1.18106507225655 -0.607826341479209 -0.0651419516005754
-1.37182172939326 1.16813261763278 -0.606090951374425 -0.00445264481067142
-1.32410261493073 1.15109559150036 -0.607507518198333 0.0588869289603661
-1.27417641102518 1.12926366740527 -0.612567441756617 0.125585133402730
-1.24063039548858 1.14121514572318 -0.595669610169528 0.164077502208498
-1.20713015980122 1.15497877072327 -0.577423410367336 0.202060312697967
-1.15251020022746 1.12464947028179 -0.588845603071000 0.275587380009542
-1.09094084318971 1.08029005301381 -0.610401474566118 0.359960282820154
-1.06386469180415 1.09575520308549 -0.592482531011326 0.389490227688828
-1.08194320853096 1.17477781672595 -0.534254991870091 0.350616636462793
-1.10361570528270 1.25678760250004 -0.475228867807077 0.305960477999975
-1.11905834077818 1.33190829052072 -0.420971182455525 0.269654839835364
-1.12971545536092 1.40230107680248 -0.369981131260788 0.239594990165603
-1.16473077763652 1.46014317879028 -0.335355476083622 0.181363221079375
-1.20769922476314 1.49725104191166 -0.319244481834161 0.117397905080836
-1.20961228835998 1.56043009293840 -0.273893482956589 0.0976567893348260
-1.20870178935344 1.62208485797644 -0.229565743285462 0.0812402629744586
-1.20514645314983 1.68252994403256 -0.186017506563080 0.0678987498443224
-1.19685698378769 1.74078719315065 -0.143188535557276 0.0607599410941730
-1.18456236559270 1.79390090062366 -0.103121980207523 0.0600074071659043
-1.17399935692519 1.85188104835981 -0.0608407780798726 0.0548714702249207
-1.19624084624573 1.89224406931267 -0.0421821455645085 0.0109255924668937
-1.23232494609063 1.91891365615492 -0.0385070983037330 -0.0481530469594940
-1.27192203786508 1.92804104281617 -0.0481847557780005 -0.106555182869456
-1.31066919047764 1.91010508007600 -0.0744278068721599 -0.153609423836000
-1.34567961968918 1.87499332158281 -0.109498701632318 -0.188578989314513
-1.36665711871684 1.82406800874173 -0.148524408182675 -0.197656882051453
-1.37117065451755 1.76508910664726 -0.186722625491400 -0.181389733066419
-1.37114296679258 1.70542691388837 -0.224777666456635 -0.159754893547797
-1.36169839339021 1.64996192312629 -0.257987948364805 -0.128055611291510
-1.35017143705109 1.59066933976228 -0.294313287560913 -0.0935614107844894
-1.33843935288760 1.53118451024878 -0.331927004677314 -0.0599582142239004
-1.32855691184634 1.46873691235624 -0.373273325494174 -0.0289744961069585
-1.31615196720847 1.40810840455115 -0.413600848802838 0.00373143302732705
-1.30461087581741 1.34027880231405 -0.460378072773433 0.0363249026848991
-1.31292841122224 1.29630729585376 -0.495200861093574 0.0371560854202193
-1.34880014730942 1.34644596200869 -0.467452375354262 -0.0211058310825841
-1.36608084885851 1.40860347047497 -0.427019774199898 -0.0601114399435772
-1.38513361165109 1.47018813621863 -0.388666377155709 -0.102395471435641
-1.40365215044122 1.52745964353763 -0.354466076358691 -0.143985216747748
-1.43988295845580 1.55178321117738 -0.349550436114895 -0.199623952158287
-1.47260928715384 1.52461854848683 -0.378544726114280 -0.234179908165149
-1.48544976979518 1.47063886553295 -0.419180948817383 -0.233676930555721
-1.48950978494112 1.41510705032169 -0.458606841583500 -0.221631023256513
-1.47735496136675 1.35362113647449 -0.498084622184756 -0.187468066436200
-1.48605325376816 1.31106426991118 -0.530895795062578 -0.186420665152122
-1.52771018616953 1.32189056713181 -0.535273120358959 -0.243281220070512
-1.56932574718574 1.33340902984513 -0.539727692657913 -0.300869816098988
-0.536477378043244 -0.358767662941288 4.67513965938258 1.35583729069083
-0.515910753510179 -0.410543287401494 4.64727829196212 1.40031817226364
-0.481498444392406 -0.444515075401174 4.63728810676688 1.45871208418585
-0.448886024330193 -0.479677099042605 4.62738969116301 1.51658811228562
-0.412939194626384 -0.508649141465659 4.62419778063604 1.57831507388552
-0.380468091469762 -0.537646443375388 4.62122295196721 1.63680865028304
-0.349592853224884 -0.568353770282334 4.61836452764456 1.69553279111222
-0.313382617452392 -0.589201792210081 4.62511195037893 1.75933847154683
-0.281669027062599 -0.613831606589785 4.62964122296819 1.82021114890559
-0.245275745733097 -0.631108614217214 4.64212725092588 1.88636746582020
-0.208532583397673 -0.646355770769930 4.65779369881020 1.95402423259267
-0.170235703333791 -0.651550801724135 4.68022041913646 2.01994286393701
-0.144254906166353 -0.679996322799683 4.68888103814444 2.08302980118798
-0.171795233304761 -0.697084597978566 4.66443227102376 2.04812898210778
-0.210216437035439 -0.687299348984948 4.64170845732009 1.97719871567980
-0.247979569913823 -0.675157828174766 4.62248315599761 1.90806876066876
-0.284822952282217 -0.665171598013511 4.60492707731941 1.84368306946091
-0.320256825247183 -0.645451757252189 4.59430440167518 1.77790668009039
-0.351046486762035 -0.618731471428677 4.59153471059102 1.71762704166787
-0.386491559934749 -0.595690743120964 4.58657777518823 1.65418430478466
-0.422617658561524 -0.578251147220083 4.57994341894423 1.59398425401300
-0.458317169282890 -0.551562972695285 4.58027477369517 1.53192792351777
-0.494413991173900 -0.523028735602543 4.58320170355091 1.47022379438976
-0.531061835986939 -0.492558593827230 4.58869580706304 1.40859991131354
-0.564036114856172 -0.504554500427062 4.56920053865286 1.36812627063395
-0.571711157645964 -0.561994929660588 4.52978271986579 1.37847383829062
-0.581608599009408 -0.619286982863270 4.49043805312125 1.38652378338532
-0.590266647447259 -0.680183132706455 4.45029509590139 1.39861892757079
-0.601436850035954 -0.741266394106854 4.41008810939618 1.40832499987729
-0.608841653696688 -0.805657789611507 4.37091852947186 1.42614201179689
-0.614163182103751 -0.867209336784779 4.33586998636554 1.44732348745677
-0.615666283277135 -0.928077474055372 4.30494300932121 1.47576154650966
-0.602102552816365 -0.976071962560700 4.29040585345303 1.52278260960757
-0.574425503790376 -1.00565054491405 4.29445347347986 1.58408586101374
-0.550072951187386 -1.04263820849797 4.29656147033310 1.64753407405389
-0.524169295168189 -1.07606562729394 4.30442045200277 1.71472413053873
-0.497533901126595 -1.10362289133451 4.31800729189656 1.78250362851468
-0.474908678905459 -1.13968645607415 4.33076935353684 1.85395447711573
-0.453013580919880 -1.17583924332064 4.34796875282213 1.92920176163309
-0.431895280792185 -1.21223917061492 4.37023175692288 2.00898299315582
-0.406457736369781 -1.23820437438672 4.40238528971529 2.09253927414244
-0.383247862558156 -1.27017547952947 4.43979021194000 2.18512517532152
-0.355338446374921 -1.28795188495421 4.48579519199401 2.27681597698351
-0.336208790758250 -1.32468632519001 4.53616948037328 2.38305436121525
-0.318268236319357 -1.36261207173404 4.59710242258800 2.49985360441289
-0.297052686846464 -1.39537898949990 4.67302812351698 2.62976177258063
-1.52098429513882 2.76520821093298 -0.266778654766021 -1.41137850724803
-1.42864184073872 2.86746758528583 -0.188657731677106 -1.34317450411185
-1.34655466074804 2.93999576811824 -0.0928520629419315 -1.23780983821841
-1.29927373762201 2.95253999371490 -0.000183834953599069 -1.11040491270072
-1.26413831659148 2.94340307311503 0.0834547554561935 -0.982493980660525
-1.22011822549473 2.95297884214871 0.158723056792715 -0.872781357260928
-1.18542048372809 2.94187424282580 0.227199895607311 -0.758502177356786
-1.15226731405070 2.92792170998006 0.286942468293693 -0.651653902147272
-1.16111050135433 2.86840392129196 0.298707494278316 -0.589214274778180
-1.22318598395524 2.77845182732201 0.244850798049339 -0.615194359638119
-1.28117689018863 2.68959523915331 0.193641486099387 -0.635537989652754
-1.33740634079105 2.61700816833344 0.140087553362252 -0.672734302172448
-1.38965510557265 2.53106386064909 0.0914936733503143 -0.687632639281637
-1.43713033234052 2.45203149327042 0.0453416422488474 -0.702227529772302
-1.47893109171447 2.36939894426142 0.00252048370827966 -0.704216898677815
-1.51013982456259 2.29303064317232 -0.0330448444063125 -0.694622658551431
-1.54584172254847 2.21991560105098 -0.0746575627182552 -0.698822232727915
-0.115065753012872 -0.699958754724276 4.70515840809896 2.14845875622057
-1.54184845830913 2.19129793224398 -0.0773555456640688 -0.668909282627378
-1.50799933985996 2.26267490963405 -0.0359272025325084 -0.665008798436730
-1.47672701383387 2.33218529314358 0.00109689359293425 -0.666222759794721
-1.43408463653861 2.40609537407689 0.0468204726233250 -0.651766884402383
-1.39003062501527 2.48164597061139 0.0923650013639279 -0.637718940672941
-1.34340159790680 2.56465982758522 0.138511398461703 -0.627957373440532
-1.29096198535624 2.64827122242985 0.188478808180945 -0.609161746015346
-1.23638861582104 2.72673536041586 0.239757027400432 -0.581774295246682
-1.17909146010419 2.80499078477213 0.293088309171011 -0.549401282115512
-1.12008422451267 2.87143277495298 0.350434879925559 -0.499489465950297
-1.08309783926263 2.86445642094313 0.395338362775746 -0.410623243840221
-1.05526155973235 2.84077984081538 0.427085821478141 -0.327362925479792
-1.02760670411787 2.81608831722776 0.453547512210323 -0.248554855545516
-1.04544677717779 2.76048828122028 0.432005296867734 -0.232337107940549
-1.09369548968956 2.69923728738337 0.381979375394397 -0.269360748088740
-1.13007035473088 2.63014515406528 0.340074122375147 -0.278548732831217
-1.15907089146545 2.55751698361144 0.301514836573414 -0.273480384913684
-1.15435405977503 2.50141776328075 0.289192008290919 -0.224987161175070
-1.12373095757173 2.49160119239043 0.306357288612964 -0.167382207759406
-1.08002430654135 2.53070784133537 0.348434306926343 -0.120705187360584
-1.03812093388798 2.57610072004415 0.391575687415033 -0.0810533129273008
-0.996866443504649 2.62153705136085 0.434298973448103 -0.0425118678276030
-0.957728877952460 2.63541412121797 0.464321296352058 0.0127709507714218
-0.975048402507534 2.58051885252338 0.432412678614677 0.0184380771735587
-1.01435839507939 2.52575120344048 0.386764398432390 -0.0117525464976821
-1.05125384820603 2.47951095913837 0.345946397630572 -0.0432257561240337
-1.08756559166903 2.42257273908975 0.300742446915113 -0.0678032302538759
-1.12508347983650 2.38188563508863 0.261830428377535 -0.103546032957803
-1.16522223850285 2.33784088617469 0.219963431717189 -0.141507039370554
-1.19919687416959 2.28829521333334 0.178991299771191 -0.166908134141941
-1.23361001008952 2.23905018796350 0.137756276619239 -0.193311267843989
-1.26230866149275 2.18249638154134 0.0958499212749719 -0.207362468169326
-1.28628005324666 2.12060425346625 0.0531142187932677 -0.212177434329850
-1.28750999229221 2.06462446304760 0.0233266704009280 -0.187215131349084
-1.27163461628315 2.01309997058455 0.00191397958166602 -0.141227953696242
-1.24358488194191 1.97397257598261 -0.00926505784794071 -0.0852298621826685
-1.21215141323121 1.94294034332077 -0.0159359911252894 -0.0294350940874761
-1.17290409024569 1.91999861882695 -0.0160041636353850 0.0326857808817651
-1.14778460240649 1.96016738535887 0.0187472709622579 0.0523879367866872
-1.13077501502905 2.01659614556573 0.0606310997061852 0.0548525927011981
-1.11657214103288 2.07250600896238 0.100557942124968 0.0530724457195051
-1.09722262233299 2.12964741718040 0.142648618634031 0.0573712327104296
-1.07152958914405 2.17884307495350 0.182193574394420 0.0734135638866548
-1.04293383666779 2.23010306772603 0.223924291610714 0.0924800408066868
-1.00353248032330 2.22065489819140 0.234743165784232 0.152148440859324
-0.970348339008250 2.22358444724130 0.249734129945655 0.197393997285897
-0.943980558922603 2.27447419691107 0.290875682408227 0.214013580164348
-0.915946655425004 2.32445869758797 0.331930125404608 0.233117425981430
-0.886333032639818 2.37344741654754 0.372869501533314 0.254681705935744
-0.855232852334403 2.42133832464621 0.413653185398347 0.278674662007530
-0.833190911935233 2.47433792403264 0.453214336097801 0.287278153719719
-0.837625592745594 2.52539333928140 0.479018703060689 0.257592424623491
-0.861916680686138 2.56776570229912 0.488863835340917 0.200774105945452
-0.881057997743625 2.61517960581159 0.501081421906194 0.146436471940776
-0.878194980856558 2.67833394229128 0.529654118353292 0.114717848795247
-0.875905581733234 2.73527960918102 0.552714395184081 0.0831218578596194
-0.893812800146652 2.78013478972490 0.555247613125809 0.0228926768440479
-0.910293180525477 2.82568520998025 0.554834463434771 -0.0395512734811609
-0.925212468611760 2.87222806087782 0.551106512248813 -0.104741363650977
-0.938384572079566 2.92011780762491 0.543593452379806 -0.173316273734879
-0.969593564869490 2.93839775111223 0.512322778309192 -0.254075884082733
-0.992525711262977 2.96956069253614 0.483789594156446 -0.336704156052876
-1.01456611627711 2.99795677527891 0.450507625393109 -0.420422612573122
-1.03310802282295 3.03362661557445 0.412333208558250 -0.512808776249364
-1.06560296114403 3.04425727785608 0.357761720910567 -0.610505864499746
-1.04925018924977 3.11780764465505 0.334532376244557 -0.690932804070473
-0.966632792628331 -3.05855859053653 0.396397322283138 -0.653269533398457
-0.909287305512004 -2.95310826142348 0.404452464095136 -0.693319233583186
-0.945447261478914 -2.95013272403456 0.319387570992877 -0.817519620041274
-1.02950628193517 -3.03864972269666 0.241330512064694 -0.891118700763604
-1.11548432049461 -3.13430255747520 0.167987769322353 -0.954786647286849
-1.18399080476425 3.09551413577323 0.0794749308994177 -1.05843735604827
-1.22136805013191 3.10271626390738 -0.0247838180296778 -1.20727547847917
-1.27501468689165 3.08292014436505 -0.137837424420462 -1.35417960208737
-1.34835597513599 3.02676527166764 -0.244417489024369 -1.47794608223821
-1.44257329011012 2.93394619998046 -0.341433795665309 -1.57636063216609
-1.55297191415583 2.78801285068927 -0.385069064977628 -1.58446117623294
-0.402559266328071 -1.54953893425685 4.62977941889091 2.63516643322989
-0.411992345161487 -1.50020043834254 4.54674786512677 2.49336330471804
-0.423971829993873 -1.45739012701621 4.48197051698870 2.37379616042125
-0.441867379863414 -1.42230580654748 4.42533713992481 2.26418291301909
-0.464337130113993 -1.39299465241962 4.37498000303172 2.16204487174755
-0.482286373556362 -1.36381303760074 4.33901073029902 2.07894474075360
