-1.46953824269911 1.71561465306896 -0.254801866635342 -0.298362108813618
-1.46308352948986 1.71485341577769 -0.252762685928422 -0.289106977606174
-1.45659939438541 1.71451709575622 -0.250469837593969 -0.279993674145801
-1.45010251335571 1.71460593486789 -0.247926336415247 -0.271042131049060
-1.44360921626476 1.71511957589916 -0.245135537745265 -0.262271676319389
-1.43713545244367 1.71605704702188 -0.242101160779535 -0.253701006655290
-1.43069675877596 1.71741674464495 -0.238827312161826 -0.245348161992940
-1.42430823035073 1.71919641512790 -0.235318509571345 -0.237230501460186
-1.41798449375483 1.72139313583497 -0.231579704940289 -0.229364680940298
-1.41173968308519 1.72400329600694 -0.227616306954963 -0.221766632457301
-1.40558741876838 1.72702257791864 -0.223434202502266 -0.214451545599491
-1.39954078927425 1.73044593877295 -0.219039776736221 -0.207433851193626
-1.39361233580489 1.73426759375732 -0.214439931456706 -0.200727207429125
-1.38781404002888 1.73848100065623 -0.209642101514359 -0.194344488609673
-1.38215731491381 1.74307884637449 -0.204654268981206 -0.188297776679714
-1.37665299868839 1.74805303568069 -0.199484974856154 -0.182598355635437
-1.37131135193874 1.75339468243033 -0.194143328106507 -0.177256708885789
-1.36614205781369 1.75909410347461 -0.188639011881084 -0.172282519579592
-1.36115422528054 1.76514081540457 -0.182982286766018 -0.167684673861332
-1.35635639533819 1.77152353422402 -0.177183990990008 -0.163471266962427
-1.35175655005868 1.77823017798852 -0.171255537520651 -0.159649611978056
-1.34736212429263 1.78524787239439 -0.165208908026516 -0.156226251123741
-1.34318001983993 1.79256295925220 -0.159056643709706 -0.153206969212044
-1.33921662185461 1.80016100773519 -0.152811833040066 -0.150596809040076
-1.33547781722355 1.80802682825508 -0.146488096444167 -0.148400088333008
-1.33196901463307 1.81614448878784 -0.140099568018940 -0.146620417850055
-1.32869516601536 1.82449733345019 -0.133660874351223 -0.145260720226978
-1.32566078904963 1.83306800311429 -0.127187110530135 -0.144323249104259
-1.32286999037965 1.84183845784396 -0.120693813439182 -0.143809608072995
-1.32032648920093 1.85079000094070 -0.114196932409491 -0.143720768961323
-1.31803364086647 1.85990330440107 -0.107712797305037 -0.144057088982789
-1.31599446015956 1.86915843560851 -0.101258084095785 -0.144818326274062
-1.31421164388505 1.87853488511192 -0.0948497779558556 -0.146003653363035
-1.31268759243714 1.88801159537875 -0.0885051339024195 -0.147611668128508
-1.31142443000937 1.89756699045204 -0.0822416349676453 -0.149640401839263
-1.31042402312414 1.90717900648692 -0.0760769478719508 -0.152087323893220
-1.30968799717036 1.91682512319163 -0.0700288761434011 -0.154949342915605
-1.30921775065128 1.92648239625122 -0.0641153106060505 -0.158222803918764
-1.30901446685875 1.93612749086522 -0.0583541771413247 -0.161903481275503
-1.30907912270432 1.94573671658554 -0.0527633816118389 -0.165986567311914
-1.30941249445310 1.95528606369412 -0.0473607518280241 -0.170466656385448
-1.31001516012145 1.96475124141181 -0.0421639764357972 -0.175337724379268
-1.31088749831691 1.97410771827869 -0.0371905406095302 -0.180593103615340
-1.31202968331563 1.98333076509062 -0.0324576584499921 -0.186225453266443
-1.31344167619282 1.99239550081595 -0.0279822020129333 -0.192226725431912
-1.31512321184368 2.00127694194855 -0.0237806269318772 -0.198588127134313
-1.31707378175743 2.00995005577693 -0.0198688946490266 -0.205300078593602
-1.31929261243741 2.01838981806351 -0.0162623913322023 -0.212352168243330
-1.32177863939512 2.02657127562959 -0.0129758436337526 -0.219733105068670
-1.32453047668850 2.03446961433048 -0.0100232315396174 -0.227430668968801
-1.32754638202420 2.04206023287758 -0.00741769866312804 -0.235431659975117
-1.33082421750294 2.04931882291947 -0.00517146045790493 -0.243721847290527
-1.33436140615580 2.05622145572902 -0.00329571095617717 -0.252285919251207
-1.33815488449965 2.06274467575727 -0.00180052878078987 -0.261107435447920
-1.34220105143174 2.06886560120441 -0.000694783328811348 -0.270168782375161
-1.34649571388701 2.07456203162357 1.39578225820404e-5 -0.279451134098204
-1.35103402979755 2.07981256241232 0.000319519084904910 -0.288934419535170
-1.35581044901939 2.08459670586030 0.000217203253202419 -0.298597298036700
-1.36081865302754 2.08889501821043 -0.000296127354423137 -0.308417145002605
-1.36605149432175 2.09268923195683 -0.00122197660672328 -0.318370049295504
-1.37150093663032 2.09596239234993 -0.00256014879764430 -0.328430824188099
-1.37715799714270 2.09869899681182 -0.00430869314125060 -0.338573033505974
-1.38301269213677 2.10088513569125 -0.00646386025663643 -0.348769034494860
-1.38905398748923 2.10250863251524 -0.00902007233083031 -0.358990038745512
-1.39526975565703 2.10355918163438 -0.0119699085448743 -0.369206192246484
-1.40164674078844 2.10402848092310 -0.0153041071838778 -0.379386675305632
-1.40817053365485 2.10391035699810 -0.0190115856238779 -0.389499822687030
-1.41482555807968 2.10320088027055 -0.0230794790969856 -0.399513263857424
-1.42159507047386 2.10189846706621 -0.0274931987859108 -0.409394082736189
-1.42846117395890 2.10000396604227 -0.0322365093968519 -0.419108995808228
-1.43540484836806 2.09752072621401 -0.0372916259167366 -0.428624546909012
-1.44240599715955 2.09445464408434 -0.0426393287915931 -0.437907316445692
-1.44944351195679 2.09081418764952 -0.0482590962844106 -0.446924142300933
-1.45649535505425 2.08661039543419 -0.0541292523027458 -0.455642349201386
-1.46353865980319 2.08185684918181 -0.0602271275487144 -0.464029982943921
-1.47054984833270 2.07656961938167 -0.0665292314572112 -0.472056045581794
-1.47750476558377 2.07076718343228 -0.0730114320711318 -0.479690727497381
-1.48437882815769 2.06447031690331 -0.0796491407703602 -0.486905632241569
-1.49114718602454 2.05770195903647 -0.0864174986372072 -0.493673990108416
-1.49778489472376 2.05048705429228 -0.0932915612111299 -0.499970856637379
-1.50426709533769 2.04285237237669 -0.100246478462194 -0.505773292586777
-1.51056919924618 2.03482630973882 -0.107257666991706 -0.511060522386913
-1.51666707449215 2.02643867599628 -0.114300971740650 -0.515814068639290
-1.52253723051049 2.01772046909583 -0.121352814838103 -0.520017860854625
-1.52815699800330 2.00870364324059 -0.128390329635346 -0.523658317289445
-1.53350470087816 1.99942087370391 -0.135391478426841 -0.526724399419117
-1.53855981739804 1.98990532260312 -0.142335152835998 -0.529207639247374
-1.54330312800899 1.98019040953109 -0.149201256321035 -0.531102140271314
-1.54771684769791 1.97030959065232 -0.155970768715214 -0.532404553475652
-1.55178474117102 1.96029614948193 -0.162625793140050 -0.533114030203202
-1.55549221961102 1.95018300210053 -0.169149586006452 -0.533232154128206
-1.55882641825002 1.94000251904138 -0.175526571137869 -0.532762854839479
-1.56177625446407 1.92978636554041 -0.181742339305663 -0.531712305720345
-1.56433246653826 1.91956536128976 -0.187783634658127 -0.530088808896350
-1.56648763365365 1.90936936030087 -0.193638329652199 -0.527902670016923
-1.56823617799725 1.89922715098300 -0.199295390164576 -0.525166065555032
-1.56957435018817 1.88916637609040 -0.204744832473151 -0.521892905161932
-1.57050019944047 1.87921347179750 -0.209977673767352 -0.518098691415534
-0.214985877775504 -0.513800379065407 4.71217177713149 1.86939362483160
-0.219762296997345 -0.509016235617420 4.71206946129978 1.85973074633007
-0.224300612907885 -0.503765704828671 4.71237502256211 1.85024746089310
-1.57010154346609 1.84096510917006 -0.228595275363161 -0.498069274409511
-1.56899579801411 1.83190376224282 -0.232641442295244 -0.491948348962374
-1.56750061583872 1.82308224604610 -0.236434920639095 -0.485425128934124
-1.56562486633699 1.81451817408542 -0.239972109291953 -0.478522496124575
-1.56337862813177 1.80622798677001 -0.243249944770692 -0.471263906082682
-1.56077309525528 1.79822699576370 -0.246265850106397 -0.463673287535580
-1.55782048316114 1.79052943186357 -0.249017687399775 -0.455774948834693
-1.55453393546269 1.78314849503823 -0.251503714357487 -0.447593491268615
-1.55092743214587 1.77609640538850 -0.253722545037462 -0.439153728982038
-1.54701569986302 1.76938445392921 -0.255673114951217 -0.430480615153653
-1.54281412478196 1.76302305222681 -0.257354650602076 -0.421599174021055
-1.53833866834490 1.75702178006134 -0.258766643479268 -0.412534438295719
-1.53360578618537 1.75138943041024 -0.259908828477982 -0.403311391483792
-1.52863235035910 1.74613405117416 -0.260781166673442 -0.393954914616913
-1.52343557496687 1.74126298318034 -0.261383832341801 -0.384489736899224
-1.51803294518306 1.73678289410681 -0.261717204090572 -0.374940389790647
-1.51244214965357 1.73269980807040 -0.261781859936149 -0.365331164070328
-1.50668101618885 1.72901913071366 -0.261578576143612 -0.355686069456326
-1.50076745065150 1.72574566971050 -0.261108329624533 -0.346028796396737
-1.49471937892295 1.72288365068812 -0.260372303670753 -0.336382679692023
-1.48855469182725 1.72043672863416 -0.259371896785530 -0.326770663657148
-1.48229119289248 1.71840799492341 -0.258108734357760 -0.317215268583849
-1.47594654883904 1.71679998015793 -0.256584682909843 -0.307738558317022
-1.46953824269911 1.71561465306896 -0.254801866635342 -0.298362108813618
