-1.45723431778330 1.33112057797316 -0.508353128711355 -0.155115370878027
-0.532165570880569 -0.372910809175752 4.66696508037118 1.36611766507657
-0.551292129758762 -0.589845211726779 4.52021868309252 1.41717911147074
-0.561583078530342 -0.796477127619647 4.39785954788175 1.49116094338126
-0.555585949439644 -0.981320359721461 4.31544514589398 1.59958690258600
-0.522039490098364 -1.12676227978449 4.29378652236238 1.75691665845872
-0.444504323807876 -1.20294335693255 4.35644693468691 1.97329331422179
-0.303574278622073 -1.16450160768240 4.51180294448291 2.23113761995344
-1.56319324268599 2.45582530702010 -0.100036418412937 -0.977462314529241
-1.37273369493136 2.56124995468694 0.107264333031749 -0.685126662996756
-1.23010414587181 2.53807906147670 0.241522197508896 -0.385068356249822
-1.13833537809420 2.43933516515305 0.277852013245285 -0.158225876412174
-1.07922011328898 2.29755518243651 0.244673596080818 0.00949095394512422
-1.03969683504333 2.12964836837213 0.165341439828327 0.137588890002657
-1.01696709675090 1.95114370987187 0.0574693693226275 0.230951216289652
-1.01168845390235 1.77471943357746 -0.0642037687745576 0.290980997335417
-1.02740626525753 1.61300080446320 -0.186495831510845 0.314689752358221
-1.06955752664979 1.47940150237101 -0.297033731697669 0.295599892871326
-1.14247425350811 1.38526761800404 -0.385972302382334 0.227878479695315
-1.24485829108737 1.33435182522383 -0.449588438703385 0.112794098575204
-1.36856579397915 1.32186383588147 -0.490751026587709 -0.0395880028585337
-1.48886658229851 1.33882815825626 -0.511923266935233 -0.198025353900206
-0.506783188483429 -0.336662533688052 4.69968864542644 1.38797533704128
-0.480707348658988 -0.480822827201743 4.61461274768627 1.47313557263923
-0.435948739107945 -0.617789191807362 4.55200689790762 1.59225469701724
-0.372412796433941 -0.733060093126304 4.52595246173089 1.74500710483346
-0.287536544282738 -0.808770813188376 4.54992139135110 1.92956300666695
-0.177911910579931 -0.823979204057413 4.63038905336327 2.13486369325096
-1.52744629518399 2.33097198292060 -0.0454719031529825 -0.762297527667780
-1.38969683807602 2.47361438646111 0.0924686438010050 -0.629249927146335
-1.27309001531505 2.53242074917839 0.204307991126656 -0.459610119776993
-1.19190883285005 2.50875778862077 0.264613614848439 -0.294460353032587
-1.23607450756440 2.50323513314402 0.229786993311942 -0.367929993806686
-1.31103788329238 2.43351064452089 0.155949520802994 -0.447006353420474
-1.40355674277004 2.30470484957328 0.0549407328671199 -0.511728205886407
-1.49215335627751 2.13533579095874 -0.0578532654468069 -0.543749759093259
-1.55677217079476 1.95031916738534 -0.169804361677305 -0.535303046267615
-0.273262775768032 -0.490006931187472 4.69576881498086 1.77092031681051
-0.363602195192537 -0.418161648593984 4.69815394188078 1.61112074169243
-1.55751352984831 1.48010958567411 -0.436595603430828 -0.332626065363450
-1.51579102092929 1.38581851038518 -0.486973517215189 -0.246990394939866
-1.47111721904056 1.33637817653783 -0.508545372598058 -0.174448114586655
-1.43045824685732 1.32728753140082 -0.503611934622120 -0.119765059290461
-1.39120780862323 1.32473576818192 -0.494720415558145 -0.0690713387734987
-1.35388981977042 1.32633431024557 -0.483573121183356 -0.0222045976095507
-1.31942333616869 1.33247090098754 -0.470004877295080 0.0196935391384849
-1.28866868352715 1.34351907521759 -0.453857723650621 0.0555471711944304
-1.26238024171160 1.35976473210295 -0.435035082249154 0.0844125975260953
-1.24115726986797 1.38132742641271 -0.413559327043869 0.105548630265241
-1.22540529971815 1.40809501389086 -0.389619651342204 0.118472688638581
-1.21532015294695 1.43968954479246 -0.363597570720206 0.122985385130186
-1.21090004308004 1.47547274176887 -0.336063917805213 0.119155950935670
-1.21493420934565 1.52879059474189 -0.298237228354965 0.0996306211472865
-1.25435009174980 1.61433620859505 -0.248494913269774 0.0244114399751682
-1.32288478423910 1.67615114852582 -0.227608712828921 -0.0850519920040450
-1.39953788769133 1.68836396478168 -0.245854633204560 -0.192163832087784
-1.45840763349732 1.64827725506694 -0.292683921402390 -0.257776156376862
-1.47596781522545 1.57665272416971 -0.345197529072856 -0.256225414878222
-1.44389917066521 1.50169729708820 -0.384787906213051 -0.188791720376675
-1.37407960007756 1.44467383929402 -0.403487994849627 -0.0806487806314210
-1.29281768980704 1.41998598380813 -0.398622558757647 0.0301664212169780
-1.23096384019127 1.43871832713581 -0.368409412905646 0.103501073357071
-1.21102507757224 1.50123839826039 -0.317224477174530 0.112104700582631
-1.21562582132227 1.54201082024205 -0.288858376273918 0.0950976357515549
-1.22522934505047 1.58434911903562 -0.261171754103010 0.0708424354006905
-1.23947489992197 1.62708733233261 -0.235109247365494 0.0399211739697177
-1.25799576342730 1.66903016348745 -0.211618486409603 0.00294824026544169
-1.28043582080657 1.70898001605250 -0.191615665424529 -0.0394388486938039
-1.30645296101866 1.74575637010719 -0.175951937046444 -0.0865686145825008
-1.33571086680128 1.77821434055411 -0.165376313717704 -0.137708867483305
-1.36786063573141 1.80526926819774 -0.160492019314176 -0.192029269653538
-1.40251360547002 1.82593304918425 -0.161705990460142 -0.248559991524610
-1.43920746669934 1.83936556452674 -0.169175279243803 -0.306155656880089
-1.46414517174176 1.84560386368469 -0.176500724194709 -0.344657106031371
-1.48067437718836 1.85503156960125 -0.178720071793565 -0.372833364993375
-1.49337813860250 1.86892358001525 -0.177114597318845 -0.397823662346802
-1.50094729251489 1.88629200884251 -0.171608564863452 -0.417255212631050
-1.50256120201422 1.90576716766541 -0.162436549532693 -0.429172265622527
-1.49801518752037 1.92563104846092 -0.150218980389388 -0.432272562780885
-1.48777148392177 1.94393909339853 -0.135993212920485 -0.426111136650993
-1.47290764189731 1.95874210023794 -0.121159261536130 -0.411216350081589
-1.45496387025093 1.96837407322000 -0.107320678918256 -0.389065968799391
-1.43572609369746 1.97173035684376 -0.0960422959707896 -0.361906092922209
-1.41065487210204 1.96756306408549 -0.0860068753176498 -0.322632157915392
-1.37285527663118 1.96202730036737 -0.0713497615528631 -0.264639684961614
-1.33494541617631 1.96039985436676 -0.0553819578978949 -0.209134574851175
-1.29775340090680 1.96276644025786 -0.0381218418698345 -0.157049029444701
-1.26204986770957 1.96925921460221 -0.0195448132113839 -0.109261241933372
-1.22853705549331 1.98002887528317 0.000389817979248031 -0.0665834592074345
-1.19783560525721 1.99521076424361 0.0217084523275509 -0.0297452635834737
-1.17047061991588 2.01488826015542 0.0443915143756321 0.000625287894123277
-1.14685947913344 2.03905759884573 0.0683433677592496 0.0240189433698762
-1.12730430484697 2.06759846102013 0.0933669874609358 0.0400568751836316
-1.11199156017120 2.10025382255958 0.119146053361440 0.0484933242204487
-1.10496769026320 2.18063827566399 0.169076811329818 0.0250634989924214
-1.13486131915886 2.26323988556268 0.200064524779011 -0.0564440263527346
-1.19373727701417 2.31410871568868 0.193563097701663 -0.172690241411390
-1.26576688755964 2.30812621984368 0.148958007655284 -0.283342446158243
-1.32474703759663 2.24776009601750 0.0894382368209685 -0.341476243203367
-1.34350344953934 2.16362054529160 0.0434787594488540 -0.322052581792285
-1.31337493780364 2.08953121914728 0.0240009716406638 -0.237312531720456
-1.24897543150917 2.04549633209034 0.0300948273465433 -0.122784282663169
-1.17686546535848 2.04097703271383 0.0576247946478430 -0.0186250498346767
-1.12282518802801 2.07900391576383 0.102040202818377 0.0418037526163260
-1.10418288364080 2.12411692562634 0.136537560641245 0.0498304049639018
-1.09606992933798 2.16266230789884 0.162523983766610 0.0453844001195884
-1.09221700318678 2.20392893829308 0.187798217967221 0.0332449300771511
-1.09251033959083 2.24714686634023 0.211592891147536 0.0135283388062661
-1.09681067931371 2.29142843280009 0.233045114950901 -0.0136013435731098
-1.10497878798802 2.33577764349641 0.251218545734203 -0.0479452321604317
-1.11689752357434 2.37909591535832 0.265132311220925 -0.0892684741219432
-1.13248833176776 2.42018505822663 0.273800621605859 -0.137280114798734
-1.15171972564558 2.45775094309015 0.276288587029576 -0.191589428116359
-1.17460432576590 2.49041432467675 0.271790208731577 -0.251635788121283
-1.16347616434579 2.47721702867727 0.275238651954678 -0.223861887478586
-1.09649544249715 2.34863808414149 0.261821812261689 -0.0417190607871655
-1.05094513272299 2.18746931638658 0.195758871521950 0.0989370760021683
-1.02270120671169 2.01101798905890 0.0956414365499229 0.203514894369125
-1.01134372039472 1.83253690575066 -0.0229429789258743 0.274769048518537
-1.01951638019699 1.66444963247526 -0.146448593224614 0.311178047692926
-1.05222868822457 1.52000580578693 -0.262193429461460 0.307164730116833
-1.11467471971652 1.41182422679589 -0.359113045455392 0.255980661621998
-1.20784626555786 1.34669106683681 -0.431119334752430 0.155935986442696
-1.32564782942284 1.32223964510170 -0.479194795238090 0.0145103838271582
-1.45723431778330 1.33112057797316 -0.508353128711355 -0.155115370878027
