-1.37752855195513 1.37746350455671 -0.452672849151586 -0.0660722520736338
-1.37761940263063 1.37815199262973 -0.452200195847106 -0.0663789375176762
-1.37788963380450 1.38021446021864 -0.450784400971977 -0.0672958414053311
-1.37833233087961 1.38364197621310 -0.448431916975759 -0.0688135704786779
-1.37893612719489 1.38841984813801 -0.445153357969543 -0.0709166797126521
-1.37968543302709 1.39452790022822 -0.440963297424590 -0.0735839770901137
-1.38056074190287 1.40194084179002 -0.435879999550005 -0.0767889296531055
-1.38153900148236 1.41062870717093 -0.429925097388755 -0.0805001524522545
-1.38259403460973 1.42055734620400 -0.423123232410835 -0.0846819596347684
-1.38369699556732 1.43168894315894 -0.415501671003832 -0.0892949561402922
-1.38481684703935 1.44398254290492 -0.407089912842581 -0.0942966491970591
-1.38592084461003 1.45739456491813 -0.397919304833957 -0.0996420607723281
-1.38697501755308 1.47187928860971 -0.388022672414601 -0.105284324987601
-1.38794463695570 1.48738929684107 -0.377433977681858 -0.111175257888831
-1.38879466461657 1.50387586808433 -0.366188011401814 -0.117265890512921
-1.38949017845661 1.52128931118853 -0.354320123563961 -0.123506959619307
-1.38999677222943 1.53957923990973 -0.341865994989448 -0.129849353538809
-1.39028092901419 1.55869478712263 -0.328861450643767 -0.136244513190793
-1.39031036926843 1.57858476088876 -0.315342313798595 -0.142644790365989
-1.39005437510296 1.59919774630839 -0.301344299035374 -0.149003766856930
-1.38948409293840 1.62048215836827 -0.286902941257558 -0.155276538974438
-1.38857281685405 1.64238625187765 -0.272053557334924 -0.161419972476831
-1.38729625479851 1.66485809513502 -0.256831236687544 -0.167392933031282
-1.38563277945348 1.68784551426249 -0.241270856973553 -0.173156497099728
-1.38356366498403 1.71129601524870 -0.225407121022587 -0.178674147665515
-1.38107331022281 1.73515669071162 -0.209274611210436 -0.183911958555076
-1.37814944807214 1.75937411826646 -0.192907857565346 -0.188838770314148
-1.37478334011028 1.78389425718969 -0.176341416004795 -0.193426359714962
-1.37096995459991 1.80866234981847 -0.159609953206803 -0.197649604035390
-1.36670812535599 1.83362283381594 -0.142748334711851 -0.201486640293993
-1.36200068827485 1.85871927105966 -0.125791712928334 -0.204919018673051
-1.35685459179284 1.88389429845689 -0.108775611780169 -0.207931848440109
-1.35128097716342 1.90908960544081 -0.0917360047983503 -0.210513933812782
-1.34529522424823 1.93424594223690 -0.0747093835321675 -0.212657896427513
-1.33891695853559 1.95930316219759 -0.0577328132551716 -0.214360280398563
-1.33217001534718 1.98420030057770 -0.0408439730824704 -0.215621635417557
-1.32508235768200 2.00887569106766 -0.0240811778156414 -0.216446572975506
-1.31768594487247 2.03326712023027 -0.00748337910305985 -0.216843790616009
-1.31001655017725 2.05731201872887 0.00890985614208283 -0.216826059174240
-1.30211352657948 2.08094768693107 0.0250583916814706 -0.216410168239289
-1.29401952135363 2.10411155117736 0.0409215933348722 -0.215616825606325
-1.28578014135262 2.12674144577911 0.0564584262839636 -0.214470507257973
-1.27744357238189 2.14877591472630 0.0716275781023274 -0.212999255416067
-1.26906015739412 2.17015452620764 0.0863876066051794 -0.211234423406782
-1.26068193948313 2.19081819243880 0.100697110890658 -0.209210367441482
-1.25236217670597 2.21070948700762 0.114514923245755 -0.206964086878046
-1.24415483655829 2.22977295201213 0.127800318951441 -0.204534816029178
-1.23611407842459 2.24795538769911 0.140513240477281 -0.201963572056628
-1.22829373249580 2.26520611809554 0.152614532137386 -0.199292664864165
-1.22074678348818 2.28147722722551 0.164066181010464 -0.196565176113427
-1.21352486702949 2.29672376186215 0.174831559820962 -0.193824415480879
-1.20667778583804 2.31090389830166 0.184875667539425 -0.191113363010483
-1.20025305186624 2.32397907227337 0.194165363678456 -0.188474106871356
-1.19429545947907 2.33591407272425 0.202669592616960 -0.185947285996574
-1.18884669356565 2.34667710174333 0.210359594749405 -0.183571546969783
-1.18394497531209 2.35623980423704 0.217209101792471 -0.181383024166870
-1.17962474726653 2.36457727206118 0.223194514149005 -0.179414851588917
-1.17591639836038 2.37166802810327 0.228295058788148 -0.177696714085706
-1.17284602875955 2.37749399625961 0.232492926615116 -0.176254444814247
-1.17043525383417 2.38204046334999 0.235773388743917 -0.175109674850450
-1.16870104616840 2.38529603876683 0.238124891431232 -0.174279539914207
-1.16765561437982 2.38725261708847 0.239539129668239 -0.173776448210262
-1.16730631756256 2.38790534803795 0.240011099560949 -0.173607912449772
-1.16765561437982 2.38725261708847 0.239539129668239 -0.173776448210262
-1.16870104616840 2.38529603876683 0.238124891431232 -0.174279539914207
-1.17043525383417 2.38204046334999 0.235773388743917 -0.175109674850450
-1.17284602875955 2.37749399625961 0.232492926615116 -0.176254444814247
-1.17591639836038 2.37166802810327 0.228295058788148 -0.177696714085706
-1.17962474726653 2.36457727206118 0.223194514149005 -0.179414851588917
-1.18394497531209 2.35623980423704 0.217209101792471 -0.181383024166870
-1.18884669356565 2.34667710174333 0.210359594749405 -0.183571546969783
-1.19429545947907 2.33591407272425 0.202669592616960 -0.185947285996574
-1.20025305186624 2.32397907227337 0.194165363678456 -0.188474106871356
-1.20667778583804 2.31090389830166 0.184875667539425 -0.191113363010483
-1.21352486702949 2.29672376186215 0.174831559820962 -0.193824415480879
-1.22074678348818 2.28147722722551 0.164066181010464 -0.196565176113427
-1.22829373249580 2.26520611809554 0.152614532137386 -0.199292664864165
-1.23611407842459 2.24795538769911 0.140513240477281 -0.201963572056628
-1.24415483655829 2.22977295201213 0.127800318951441 -0.204534816029178
-1.25236217670597 2.21070948700762 0.114514923245755 -0.206964086878046
-1.26068193948313 2.19081819243880 0.100697110890658 -0.209210367441482
-1.26906015739412 2.17015452620764 0.0863876066051794 -0.211234423406782
-1.27744357238189 2.14877591472630 0.0716275781023274 -0.212999255416067
-1.28578014135262 2.12674144577911 0.0564584262839679 -0.214470507257972
-1.29401952135363 2.10411155117736 0.0409215933348722 -0.215616825606325
-1.30211352657948 2.08094768693107 0.0250583916814706 -0.216410168239289
-1.31001655017725 2.05731201872887 0.00890985614208283 -0.216826059174240
-1.31768594487247 2.03326712023027 -0.00748337910305985 -0.216843790616009
-1.32508235768200 2.00887569106766 -0.0240811778156414 -0.216446572975506
-1.33217001534718 1.98420030057770 -0.0408439730824704 -0.215621635417557
-1.33891695853559 1.95930316219759 -0.0577328132551716 -0.214360280398563
-1.34529522424823 1.93424594223690 -0.0747093835321675 -0.212657896427513
-1.35128097716342 1.90908960544081 -0.0917360047983503 -0.210513933812782
-1.35685459179284 1.88389429845689 -0.108775611780169 -0.207931848440109
-1.36200068827485 1.85871927105966 -0.125791712928334 -0.204919018673051
-1.36670812535599 1.83362283381594 -0.142748334711851 -0.201486640293993
-1.37096995459991 1.80866234981847 -0.159609953206803 -0.197649604035390
-1.37478334011028 1.78389425718969 -0.176341416004795 -0.193426359714962
-1.37814944807214 1.75937411826646 -0.192907857565346 -0.188838770314148
-1.38107331022281 1.73515669071162 -0.209274611210436 -0.183911958555076
-1.38356366498403 1.71129601524870 -0.225407121022587 -0.178674147665515
-1.38563277945348 1.68784551426249 -0.241270856973553 -0.173156497099728
-1.38729625479851 1.66485809513502 -0.256831236687544 -0.167392933031282
-1.38857281685405 1.64238625187764 -0.272053557334928 -0.161419972476829
-1.38948409293840 1.62048215836827 -0.286902941257558 -0.155276538974438
-1.39005437510296 1.59919774630839 -0.301344299035374 -0.149003766856930
-1.39031036926843 1.57858476088876 -0.315342313798595 -0.142644790365989
-1.39028092901419 1.55869478712263 -0.328861450643767 -0.136244513190793
-1.38999677222943 1.53957923990973 -0.341865994989448 -0.129849353538809
-1.38949017845661 1.52128931118853 -0.354320123563961 -0.123506959619307
-1.38879466461657 1.50387586808433 -0.366188011401814 -0.117265890512921
-1.38794463695570 1.48738929684107 -0.377433977681858 -0.111175257888831
-1.38697501755308 1.47187928860971 -0.388022672414601 -0.105284324987601
-1.38592084461003 1.45739456491813 -0.397919304833957 -0.0996420607723281
-1.38481684703935 1.44398254290492 -0.407089912842581 -0.0942966491970591
-1.38369699556732 1.43168894315894 -0.415501671003832 -0.0892949561402922
-1.38259403460973 1.42055734620400 -0.423123232410835 -0.0846819596347684
-1.38153900148236 1.41062870717093 -0.429925097388755 -0.0805001524522545
-1.38056074190287 1.40194084179002 -0.435879999550005 -0.0767889296531055
-1.37968543302709 1.39452790022822 -0.440963297424590 -0.0735839770901137
-1.37893612719489 1.38841984813801 -0.445153357969543 -0.0709166797126521
-1.37833233087961 1.38364197621310 -0.448431916975759 -0.0688135704786779
-1.37788963380450 1.38021446021864 -0.450784400971977 -0.0672958414053311
-1.37761940263063 1.37815199262973 -0.452200195847106 -0.0663789375176762
-1.37752855195513 1.37746350455671 -0.452672849151586 -0.0660722520736338
