-1.39552468267242 2.54172613642635 0.0841334301893476 -0.711524735319625
-1.37820442151987 2.53346548460759 0.103523245834441 -0.666554006703225
-1.36113317798940 2.52468044097221 0.121367433698501 -0.622853531673314
-1.34431208828139 2.51542436246054 0.137717842019524 -0.580425955132620
-1.32774373018201 2.50574922109304 0.152632004572300 -0.539268293112949
-1.31143212619448 2.49570564201354 0.166171750921672 -0.499373363696547
-1.29538272835197 2.48534296777922 0.178402015438554 -0.460731027102843
-1.27960238952349 2.47470934002462 0.189389830478361 -0.423329245479952
-1.26409932480595 2.46385179135993 0.199203486162434 -0.387154976413654
-1.24888306558229 2.45281634175846 0.207911837858906 -0.352194915892048
-1.23396440799098 2.44164809479068 0.215583742279049 -0.318436106912822
-1.21935535687251 2.43039132991769 0.222287603719702 -0.285866429480705
-1.20506906570748 2.41908958771074 0.228091013102903 -0.254474986725524
-1.19111977262057 2.40778574535525 0.233060463873062 -0.224252400512967
-1.17752273217715 2.39652208016420 0.237261130353340 -0.195191028398217
-1.16429414243164 2.38534031910132 0.240756695729022 -0.167285112214144
-1.15145106649158 2.37428167252672 0.243609218347878 -0.140530867080626
-1.13901134773096 2.36338685055574 0.245879026466360 -0.114926518230551
-1.12699351772026 2.35269606058807 0.247624632908078 -0.0904722918104606
-1.11541669593708 2.34224898474305 0.248902662334491 -0.0671703647558413
-1.10430048038242 2.33208473614760 0.249767784964477 -0.0450247779757503
-1.09366482835627 2.32224179328356 0.250272651632646 -0.0240413164173859
-1.08352992684394 2.31275791192678 0.250467826062168 -0.00422735911875717
-1.07391605223411 2.30367001461237 0.250401711162648 0.0144082979059626
-1.06484341942935 2.29501405804475 0.250120467061603 0.0318556431772995
-1.05633202081711 2.28682487943901 0.249667919449590 0.0481036727832687
-1.04840145603512 2.27913602342367 0.249085457669254 0.0631406318002601
-1.04107075397698 2.27197955183920 0.248411922805889 0.0769542705795018
-1.03435818902225 2.26538583950692 0.247683486833184 0.0895321118938028
-1.02828109401616 2.25938335978555 0.246933524616984 0.100861724405064
-1.02285567303605 2.25399846443663 0.246192481259960 0.110930997377078
-1.01809681743207 2.24925516293665 0.245487737854094 0.119728411075166
-1.01401792898229 2.24517490685353 0.244843479165983 0.127243296919956
-1.01063075422203 2.24177638519822 0.244280567082681 0.133466081252217
-1.00794523406569 2.23907533672618 0.243816423767529 0.138388506565453
-1.00596937271272 2.23708438496646 0.243464928397936 0.142003824308547
-1.00470912950897 2.23581290128304 0.243236331072905 0.144306953870689
-1.00416833692228 2.23526690052735 0.243137186993216 0.145294603133374
-1.00434864710548 2.23544897284872 0.243170313351691 0.144965346987280
-1.00524950869348 2.23635825403592 0.243334770559641 0.143319661420028
-1.00686817455782 2.23799043543257 0.243625868524763 0.140359912124165
-1.00919974027646 2.24033781307692 0.244035197740837 0.136090297977253
-1.01223721212475 2.24338937434574 0.244550684009402 0.130516751128700
-1.01597160251280 2.24713091911055 0.245156664746064 0.123646796712505
-1.02039205003297 2.25154521131508 0.245833984080545 0.115489376322289
-1.02548596067954 2.25661215600915 0.246560103380963 0.106054640282067
-1.03123916638447 2.26230899626307 0.247309223446648 0.0953537143888973
-1.03763609679047 2.26861052405223 0.248052414433144 0.0833984471802386
-1.04465996015026 2.27548929913826 0.248757749596829 0.0702011438981003
-1.05229292938372 2.28291587015630 0.249390439161633 0.0557742932114090
-1.06051632961448 2.29085899251025 0.249912960994287 0.0401302924593439
-1.06931082391373 2.29928583823275 0.250285185299341 0.0232811767426562
-1.07865659446442 2.30816219363253 0.250464491180867 0.00523835667371737
-1.08853351688986 2.31745264128138 0.250405873635500 -0.0139876309459437
-1.09892132603336 2.32712072363869 0.250062040316431 -0.0343873557658252
-1.10979977200383 2.33712908633761 0.249383498221241 -0.0559527065303982
-1.12114876579303 2.34743959983333 0.248318631295788 -0.0786770807407764
-1.13294851420815 2.35801345872103 0.246813770807021 -0.102555548532369
-1.14517964423740 2.36881125855740 0.244813261221316 -0.127584987983689
-1.15782331727149 2.37979305046256 0.242259525239771 -0.153764188904479
-1.17086133383727 2.39091837414164 0.239093132600258 -0.181093921788856
-1.18427622966267 2.40214627025673 0.235252878273509 -0.209576968056095
-1.19805136398666 2.41343527331322 0.230675876773573 -0.239218106936509
-1.21217100105673 2.42474338641674 0.225297680486704 -0.270024053396978
-1.22662038572095 2.43602803942704 0.219052431207934 -0.302003340350269
-1.24138581392413 2.44724603220409 0.211873055463909 -0.335166137074519
-1.25645469875487 2.45835346483400 0.203691515684603 -0.369523994314471
-1.27181563246003 2.46930565696256 0.194439130837155 -0.405089504995646
-1.28745844453700 2.48005705868105 0.184046981699652 -0.441875867928605
-1.30337425562157 2.49056115583426 0.172446417444106 -0.479896340421922
-1.31955552639653 2.50077037318809 0.159569681485891 -0.519163564508935
-1.33599610013303 2.51063597964381 0.145350675455828 -0.559688750731220
-1.35269123672287 2.52010800065889 0.129725880409167 -0.601480703382799
-1.36963763513929 2.52913514427777 0.112635453674680 -0.644544672152590
-1.38683344015117 2.53766474873354 0.0940245176569305 -0.688881017637989
-1.00419287407700 2.23514872734957 0.243057491058467 0.145308543221695
-1.00456916740688 2.23438562277568 0.242453297570691 0.145091160977923
-1.00531994250599 2.23286031050265 0.241245995853615 0.144658396434769
-1.00644158421135 2.23057458936997 0.239437754653611 0.144014234662080
-1.00792868971593 2.22753117017357 0.237031822600964 0.143164616301255
-1.00977409260642 2.22373369018742 0.234032522650286 0.142117393446231
-1.01196889509156 2.21918673166998 0.230445244390510 0.140882271218760
-1.01450250855341 2.21389584365108 0.226276434006656 0.139470735391962
-1.01736270256282 2.20786756615529 0.221533581645147 0.137895966516832
-1.02053566249397 2.20110945590080 0.216225205918355 0.136172741113375
-1.02400605584947 2.19363011242341 0.210360835284297 0.134317320601213
-1.02775710736619 2.18543920351524 0.203950986054290 0.132347328762644
-1.03177068291155 2.17654748884129 0.197007136815602 0.130281618652551
-1.03602738210118 2.16696684060368 0.189541699106735 0.128140129991666
-1.04050663947297 2.15671026016610 0.181567984248546 0.125943738199269
-1.04518683394056 2.14579188962767 0.173100166313307 0.123714096334873
-1.05004540612538 2.13422701744563 0.164153241302729 0.121473471321513
-1.05505898303288 2.12203207734729 0.154742982702262 0.119244575911887
-1.06020350940092 2.10922463993914 0.144885893678602 0.117050397928338
-1.06545438491025 2.09582339661150 0.134599156286776 0.114914028354819
-1.07078660631492 2.08184813554335 0.123900578148441 0.112858489879962
-1.07617491342855 2.06731970982898 0.112808537150332 0.110906567482596
-1.08159393779692 2.05225999796814 0.101341924788053 0.109080642612786
-1.08701835280231 2.03669185717779 0.0895200888422916 0.107402532451985
-1.09242302388531 2.02063907018904 0.0773627761203023 0.105893335635749
-1.09778315753821 2.00412628638137 0.0648900760230256 0.104573285693235
-1.10307444772349 1.98717895827136 0.0521223657073584 0.103461613302305
-1.10827321840172 1.96982327451037 0.0390802576034651 0.102576418281171
-1.11335656091620 1.95208609065109 0.0257845500194307 0.101934552041938
-1.11830246507394 1.93399485901453 0.0122561815220319 0.101551511023355
-1.12308994288369 1.91557755902467 -0.00148381027599823 0.101441341405437
-1.12769914405516 1.89686262938017 -0.0154143249613420 0.101616555193122
-1.13211146252754 1.87787890339998 -0.0295142301164934 0.102088057545778
-1.13630963347215 1.85865554881756 -0.0437623862705112 0.102865085029569
-1.14027782039936 1.83922201320863 -0.0581376656962340 0.103955154285571
-1.14400169218722 1.81960797612443 -0.0726189648356452 0.105364020442500
-1.14746849003259 1.79984330887101 -0.0871852102234657 0.107095644462726
-1.15066708449905 1.77995804272894 -0.101815357864858 0.109152168496942
-1.15358802299519 1.75998234625112 -0.116488386104689 0.111533898238797
-1.15622356815558 1.73994651211294 -0.131183282103542 0.114239291217730
-1.15856772771242 1.71988095382068 -0.145879022109159 0.117264949947540
-1.16061627653320 1.69981621241300 -0.160554545782742 0.120605618860850
-1.16236677155741 1.67978297311648 -0.175188724909240 0.124254184006668
-1.16381856038850 1.65981209173889 -0.189760326891760 0.128201674570643
-1.16497278428622 1.63993463040061 -0.204247973506037 0.132437265396927
-1.16583237625455 1.62018190201142 -0.218630095475208 0.136948279848608
-1.16640205483127 1.60058552269271 -0.232884883522716 0.141720192543103
-1.16668831405417 1.58117747111620 -0.246990236676599 0.146736631742823
-1.16669940990367 1.56199015347404 -0.260923708738036 0.151979381474046
-1.16644534330016 1.54305647250226 -0.274662453995137 0.157428383792239
-1.16593783946526 1.52440989864308 -0.288183173466449 0.163061742015005
-1.16519032313695 1.50608454104415 -0.301462063200794 0.168855726207890
-1.16421788876024 1.48811521564793 -0.314474766445482 0.174784782736142
-1.16303726435837 1.47053750712155 -0.327196331823512 0.180821550286352
-1.16166676733092 1.45338782081814 -0.339601180030358 0.186936885410369
-1.16012624993346 1.43670342035573 -0.351663081963549 0.193099901337056
-1.15843703168691 1.42052244577147 -0.363355151618920 0.199278024512493
-1.15662181546881 1.40488390659094 -0.374649857500820 0.205437074029226
-1.15470458359116 1.38982764359817 -0.385519056663646 0.211541369736818
-1.15271046982174 1.37539425267378 -0.395934055778577 0.217553875315695
-1.15066560312223 1.36162496388078 -0.405865703737498 0.223436382849286
-1.14859691893672 1.34856146913500 -0.415284520187437 0.229149745330640
-1.14653193425665 1.33624569242935 -0.424160863944798 0.234654162958992
-1.14449848350385 1.32471949782325 -0.432465144377981 0.239909527884712
-1.14252441359414 1.31402433238083 -0.440168077487721 0.244875830127097
-1.14063723842371 1.30420080402565 -0.447240986502769 0.249513624637663
-1.13886375546520 1.29528819788618 -0.453656144337399 0.253784555901008
-1.13722963010475 1.28732393904314 -0.459387152292077 0.257651932149825
-1.13575895663869 1.28034301442846 -0.464409346075351 0.261081336447288
-1.13447380822333 1.27437737159479 -0.468700216838928 0.264041256932738
-1.13339379118272 1.26945531666091 -0.472239831798995 0.266503713947164
-1.13253562151608 1.26560093734028 -0.475011236576025 0.268444858157413
-1.13191274278683 1.26283357895757 -0.477000820044430 0.269845511800967
-1.13153500446201 1.26116740122972 -0.478198622597676 0.270691625300392
-1.13140841799110 1.26061104101689 -0.478598570518203 0.270974624063598
