-1.06773709136185 1.69608583978981 -0.136502488579008 0.241267233859122
-1.07718215335865 1.72266920000819 -0.120069540434961 0.221671759787991
-1.08826892860142 1.74664951416809 -0.106205670109589 0.200468540710696
-1.09384027717637 1.77302560024748 -0.0892616312202332 0.185465144945717
-1.09006683906093 1.80181489679614 -0.0680091029317444 0.181701814800987
-1.10084562595182 1.82451578348587 -0.0556137402350991 0.160617503917003
-1.10789144045078 1.84974019162842 -0.0405723111652390 0.143388710345350
-1.10181822461501 1.87757573749495 -0.0197495292482510 0.142449162231585
-1.09575978376681 1.90301959053829 -0.000655565379471134 0.142157713905215
-1.10146639816234 1.92797399079129 0.0140486756629914 0.126200940299153
-1.09870984717141 1.95496387328699 0.0327498423107075 0.120668775442108
-1.09469862656967 1.98131280104916 0.0513050080105865 0.116886233981552
-1.10714122038366 2.00121069379319 0.0596456192129242 0.0928863586258639
-1.10823398372018 2.02647015498867 0.0752364950023300 0.0821250098832712
-1.10144778771662 2.05444771232922 0.0952670892023326 0.0809642427462896
-1.08776632290847 2.07176913779529 0.111207580490861 0.0932647733768988
-1.07964439607056 2.09347304177594 0.127716553269327 0.0961917690126221
-1.08443563405378 2.11731903360903 0.140384782100845 0.0802227680278349
-1.08724364851007 2.14277889735372 0.154498896120269 0.0660690038462764
-1.07874225412221 2.16957520818518 0.173778856572827 0.0670540478552381
-1.06433866216415 2.19155978043617 0.192607491572748 0.0783017025622257
-1.05564950221616 2.21266072735204 0.208487847327344 0.0817702713489299
-1.06465073044032 2.22390773664912 0.211071472390783 0.0641056588911335
-1.08189976398964 2.22534786631177 0.204348361812204 0.0386933851005864
-1.09872575411882 2.22130339870318 0.194625583144716 0.0161890839125115
-1.11659113161446 2.22073097149026 0.186243089462929 -0.00948636005199855
-1.13367906825917 2.21747543011078 0.176631665785808 -0.0329301789943516
-1.15166421646906 2.20981873409996 0.164164322085947 -0.0557259748932805
-1.16811639113531 2.19904581379401 0.150722104239279 -0.0748474471002495
-1.18514403591233 2.19282200778596 0.139372340811156 -0.0970010492973403
-1.20249899096487 2.18334836506279 0.126118939063869 -0.118135763373995
-1.22012605257848 2.17062276088517 0.111025193504187 -0.138130966369669
-1.23676532676989 2.15986294814915 0.0974068067349092 -0.157628814594337
-1.25381936994527 2.14309388398650 0.0804986865731944 -0.174821913768790
-1.27057040397408 2.12875785603162 0.0649823846599404 -0.192753221755961
-1.28443361155815 2.10268106821878 0.0448406269356047 -0.200681399251532
-1.30111114134550 2.09206242962939 0.0312883323180861 -0.220292585067013
-1.31549885404950 2.06746588266526 0.0116229151964085 -0.229749167928564
-1.32871362756581 2.04791347313562 -0.00489746698327702 -0.239931914094914
-1.34206023077175 2.02422529161379 -0.0236852424888032 -0.248378111284558
-1.35753552540136 2.00938290111529 -0.0388258756106236 -0.264151648537483
-1.37585442301475 2.00461439270308 -0.0500318379825632 -0.288908000110599
-1.39296263230263 1.99492818258590 -0.0632869013131324 -0.309585062611870
-1.41233418481549 1.99480841681087 -0.0728091824236843 -0.338359130460255
-1.43094014295194 1.99122272659065 -0.0838807063809052 -0.364450922333709
-1.44963588212231 1.98710519948001 -0.0953938415900719 -0.390542269602601
-1.46752347903184 1.97962299762630 -0.108235375172250 -0.413789198240597
-1.48593200497491 1.97305797128943 -0.120984314016795 -0.438381636691347
-1.50455063787902 1.96865347442139 -0.132931539271840 -0.464542997982460
-1.52408758455627 1.96377195759963 -0.145732318428064 -0.491999206994177
-1.54277051797243 1.95560228108433 -0.159674588877673 -0.516454734344642
-1.56170389066268 1.94954872711945 -0.172907417902013 -0.542567382094349
-0.187863336006440 -0.565321371255209 4.70313284204117 1.93899822370015
-0.201140581697372 -0.596015503669693 4.68244267927173 1.93572494765426
-0.216173011173482 -0.623333893136887 4.66232174110195 1.92788996947557
-0.231103748018493 -0.649290185030973 4.64292661691145 1.91952040033414
-0.245877997205292 -0.681736810670534 4.62120440752900 1.91547056740445
-0.261821975786167 -0.705960297932404 4.60209586687242 1.90464153542886
-0.277060585603969 -0.738862904576867 4.58030550897467 1.90051517435778
-0.292998169961300 -0.771904443599928 4.55829186869717 1.89560548874600
-0.309631785811950 -0.805072247880485 4.53604547427282 1.88989328275156
-0.326956725332033 -0.838351028151710 4.51355757320516 1.88335922243504
-0.345356119767745 -0.867613906953170 4.49178963424996 1.87245476784559
-0.363929337036285 -0.900965438118529 4.46883177498021 1.86427522247266
-0.370134770614273 -0.919601518143935 4.45912032203279 1.86699441597266
-0.349891077422464 -0.894892747640389 4.48060387083798 1.88401288746611
-0.329626841111104 -0.875784906144594 4.50054488751497 1.90511029895866
-0.310586625824212 -0.853513794582231 4.52049184171568 1.92182635688391
-0.291274805170139 -0.836691034925175 4.53910410175316 1.94292767791840
-0.271257792561388 -0.818014130420904 4.55874729370130 1.96391097797102
-0.253329201118053 -0.799535791461519 4.57682899659342 1.98144293334710
-0.233428745798640 -0.778255068643397 4.59711534167495 2.00034901092991
-0.214282969311563 -0.759681411164134 4.61610091282462 2.01990670108740
-0.195076044615991 -0.744066699657314 4.63431019703786 2.04170819848939
-0.176004726279412 -0.724624147162616 4.65348395379421 2.06051072108762
-0.156592197483653 -0.711382669890872 4.67121360573525 2.08441142455268
-0.137463787202347 -0.692700536049075 4.69022196991157 2.10386606516850
-0.117940126398343 -0.678426369417728 4.70835047128007 2.12724406070966
-1.55533569999547 2.14449187858286 -0.0990354915892767 -0.657270416577812
-1.53605069215724 2.17165075302080 -0.0776966089964694 -0.643805400584719
-1.51757666629185 2.19569359071182 -0.0578132587374793 -0.629490862151357
-1.49867397934536 2.21793052068742 -0.0380841633046713 -0.613096009747656
-1.47947046080440 2.24609844720108 -0.0167243761764670 -0.600700630592152
-1.46028225887401 2.26938760144253 0.00341793339931627 -0.584659273327435
-1.43958518101463 2.29530635628644 0.0253000437743923 -0.567998839936882
-1.42068479765453 2.31649625610617 0.0447093844134536 -0.550879015757456
-1.40094563874110 2.33709205193030 0.0646372941594940 -0.531807742922104
-1.38109415157721 2.36598268210839 0.0864241688673391 -0.519060011228469
-1.36078256868132 2.39650669429416 0.108796502901614 -0.506900106484075
-1.34115140313800 2.41819227211312 0.128825799879745 -0.488925221781584
-1.32156622801817 2.44722789238176 0.150170220856102 -0.477031245954039
-1.30110065160645 2.47387427331243 0.171721259465110 -0.461661011863980
-1.29976038321054 2.48098055014966 0.174026850757883 -0.465121429012533
-1.32026614626244 2.46391795841738 0.154075470017585 -0.488515981072442
-1.34200665814553 2.43928079394481 0.131869677742834 -0.507825120757717
-1.36291725148993 2.42694967550880 0.112302803688639 -0.535971469720294
-1.38410991936964 2.41211117568680 0.0920377206119207 -0.562590720854723
-1.40584694749970 2.38236953224545 0.0691227054646714 -0.577501120690688
-1.42714332597576 2.36636154429288 0.0486149131634776 -0.603297303515370
-1.44773568079121 2.34091043873539 0.0272995296419790 -0.619753936294821
-1.46978143113427 2.32054279583876 0.00550731727223116 -0.643224256111003
-1.49105771677887 2.29947291188464 -0.0157380616620390 -0.664676036735752
-1.51330796691275 2.28125700465972 -0.0373964812156055 -0.690368799198288
-1.53455860257653 2.25911964117428 -0.0587751899397282 -0.710860780100745
-1.55525614324282 2.23963796728719 -0.0792974079482093 -0.732598864888426
-0.101323070460973 -0.756983128100588 4.70556950502252 2.21963690907234
-0.121982155514950 -0.781284541481445 4.68441056125908 2.20212029363578
-0.142047893273380 -0.803690176667877 4.66403397747701 2.18408360728171
-0.164419545475589 -0.826750612765872 4.64157236291196 2.16231077661245
-0.186247117429495 -0.851383475792735 4.61938566281671 2.14292936759016
-0.207947297601377 -0.871882254431412 4.59783785136066 2.12018015460091
-0.228309217696278 -0.892523167050450 4.57744035618800 2.10006165195238
-0.250371706457413 -0.915731883989004 4.55523292551164 2.07900044945344
-0.271653780524317 -0.936931478316833 4.53396121568406 2.05764625988679
-0.292956702174059 -0.957621777068613 4.51273559265487 2.03580801395963
-0.315426021967112 -0.985662445770745 4.48958399602337 2.01822776623721
-0.335240756660817 -0.995424492810324 4.47103392917957 1.98962501173929
-0.357495445675430 -1.02046896413905 4.44841318520725 1.96979405008107
-0.379888647317077 -1.04505781216663 4.42574000239537 1.94931651365513
-0.402308738983542 -1.07182668226521 4.40278664356614 1.93071193325801
-0.424504917660091 -1.09340166353205 4.38066489908133 1.90796899136349
-0.445276348777592 -1.11091237890383 4.36029369390242 1.88433707043886
-0.468504620734963 -1.13833134315226 4.33655397939641 1.86478804822392
-0.489743740165993 -1.15682791563786 4.31564658574443 1.84113810762651
-0.509095046092459 -1.16551900572861 4.29769108823953 1.81252239428588
-0.525487600490608 -1.16309793290340 4.28416344548269 1.78018112430568
-0.535827404931467 -1.14397380968470 4.27928938110436 1.74584313226780
-0.545498327318311 -1.12365347021315 4.27633013926879 1.71289262857384
-0.546727293298917 -1.09936675800801 4.28166026274439 1.69270707386369
-0.542826329503505 -1.07157357640752 4.29236556529878 1.67952015861300
-0.528170555034934 -1.04167413494676 4.31168024236318 1.68359116868521
-0.519282635270045 -1.01402179423730 4.32662734828470 1.67977385366216
-0.507056199870633 -0.985052953278029 4.34455012523322 1.68095422505082
-0.493343918699059 -0.954515004868561 4.36425152819668 1.68382996077639
-0.482259990738603 -0.925921182693111 4.38183861901728 1.68390715738199
-0.473006446783829 -0.898108632896587 4.39827406768380 1.68178360020676
-0.460468800994603 -0.868711644483842 4.41758353462192 1.68423372452136
-0.452295594168979 -0.841295763560340 4.43376228815003 1.68116980395160
-0.448409207401544 -0.815941334495145 4.44691312509811 1.67285259860191
-0.439367400641699 -0.787146254649387 4.46477609382899 1.67096229424689
-0.432730029845355 -0.760341450245477 4.48070003508699 1.66671880189732
-0.424131051774024 -0.732431705297025 4.49844551027785 1.66515351021105
-0.421590226676140 -0.706735273596761 4.51226766247598 1.65582005580680
-0.414680328354753 -0.678633596757520 4.52978872465328 1.65214933946626
-0.413613078014184 -0.654451489342396 4.54272795800813 1.64197371574655
-0.407706721397550 -0.626652142843235 4.56015249245431 1.63750526031021
-0.402325449195521 -0.598975600683593 4.57752495190472 1.63258244980299
-0.399083263322622 -0.573225742490864 4.59312826094429 1.62567808652274
-0.400464806886263 -0.549084801148469 4.60606008944290 1.61308743011531
-0.396954290964079 -0.522874827621439 4.62255343395088 1.60688131701845
-0.397298566905590 -0.498725004692920 4.63647280733230 1.59630659152983
-0.396161182977775 -0.471703941098301 4.65295671662320 1.58690682115394
-0.397340251110952 -0.447663614885044 4.66698801174659 1.57571872193089
-0.395281591296128 -0.420544481864821 4.68440124447365 1.56807148145255
-0.396970678981073 -0.395419384859054 4.69939371816230 1.55624977045049
-1.56710559388880 1.54776990291242 -0.396167146387914 -0.369449989599334
-1.55512853374964 1.53040264192745 -0.402972904809625 -0.346911426896918
-1.53743511071360 1.52115762186219 -0.402759824696455 -0.319759903682457
-1.52199917445767 1.50792159642552 -0.406166390559048 -0.294494507852448
-1.50493172728044 1.49785669753422 -0.407144107021935 -0.268339878246796
-1.48997574843878 1.48268053034452 -0.412460682101892 -0.243524307295405
-1.47339513353821 1.47062082856110 -0.415364399059107 -0.217787707568621
-1.45515373957285 1.46032575096105 -0.416735192945379 -0.190622029889482
-1.43814318206476 1.44605896821432 -0.421436804776460 -0.164046301465748
-1.42029026575168 1.43362826728119 -0.424810899368554 -0.137136778811631
-1.40273391687999 1.43442211092521 -0.419086854269036 -0.114650228484444
-1.40848075247973 1.46304314552566 -0.400637182186480 -0.130568426602083
-1.41847221457996 1.48757092137159 -0.386580909050979 -0.151031391412733
-1.43051096860130 1.51110022139028 -0.374125447916947 -0.174143984318735
-1.44211390206876 1.53307258998454 -0.362887435395350 -0.196481273858862
-1.45338135325639 1.55599862198675 -0.351191206071050 -0.218978527724390
-1.47013126178722 1.56851963589203 -0.348536068209181 -0.245594312298635
-1.47914225759009 1.59189959778649 -0.336361231769456 -0.265810433556249
-1.49295707255204 1.60837008416435 -0.330656298740447 -0.290390801867043
-1.50396328002306 1.62798471967024 -0.322226786045252 -0.312582132148755
-1.51655039297853 1.64387784045124 -0.317023142359922 -0.335858722199899
-1.53249531223382 1.65605693799912 -0.315685596708800 -0.362645193351942
-1.54670031888293 1.66781056392280 -0.314204179519644 -0.387122408735581
-1.55880393550864 1.68418370573197 -0.309408481516107 -0.410803469166924
-0.309837869719624 -0.436176467784767 4.70942866409111 1.69417460856646
-0.306956358856820 -0.460774338349265 4.69662859932388 1.70885392522653
-0.309393441208611 -0.487138707361147 4.68082265062673 1.71697526318947
-0.308113450497693 -0.511567721741268 4.66805019631772 1.72991181397150
-0.313373596678926 -0.538609414222910 4.65114961340800 1.73479277736219
-0.315331263774247 -0.564946945052199 4.63646598733319 1.74448901502135
-0.322785161186962 -0.593077778354593 4.61848169625231 1.74718165983015
-0.326453285505924 -0.619352241445627 4.60358976030190 1.75489606265181
-0.334269940505595 -0.648209611024789 4.58561061037062 1.75795762730002
-0.341426035370372 -0.676448101422926 4.56855946508854 1.76198887755130
-0.353547568090391 -0.706764488278970 4.54813983844749 1.75976410504627
-0.360588044045058 -0.734592030530463 4.53190532991335 1.76431666280896
-0.364364257409744 -0.760344123525405 4.51875653991253 1.77314375243839
-0.373751561402875 -0.789406716216353 4.50129507634654 1.77535757757022
-0.389512166696763 -0.821154249844968 4.47920437668170 1.76925380624011
-0.397505557980648 -0.849148760698472 4.46359501834693 1.77364556747496
-0.410580413095982 -0.879018557839402 4.44439645626997 1.77124194742360
-0.423667848190078 -0.909616380082094 4.42519963946020 1.76955551776242
-0.441343016904342 -0.942426272665103 4.40247924902678 1.76196985119775
-0.424311210089972 -0.923089588834692 4.42026497324698 1.77745069840191
-0.411642627234857 -0.893556658877809 4.43860699805513 1.77892837610829
-0.394321598334468 -0.861276744421736 4.46118574770742 1.78654824020490
-0.381544409127948 -0.831325874194922 4.48025045563389 1.78843926711107
-0.367414744292695 -0.799513758516059 4.50112399666541 1.79163035729898
-0.355205768113490 -0.770370970259355 4.52003817935850 1.79361072791457
-0.341681019448307 -0.739309361999325 4.54075158444255 1.79678727340377
-0.333818972151424 -0.711649436129262 4.55701630138028 1.79325411176833
-0.319570509220778 -0.680478835643933 4.57867875732989 1.79799443016325
-0.306649723380625 -0.648973675708520 4.59997816405706 1.80070946279516
-0.293668801156089 -0.617946801535260 4.62132265781940 1.80400800460878
-0.281318072529723 -0.586991976044499 4.64252129713018 1.80660254705516
-0.275091809052978 -0.559321830385426 4.65921869014422 1.80185605788688
-0.263950393383239 -0.528588143957492 4.68017177444228 1.80321687142673
-0.253436330960816 -0.497929770393346 4.70100734284875 1.80390812869148
-1.56164585866450 1.80268142925544 -0.244307689374431 -0.467042323704573
-1.54101370923629 1.80207033533894 -0.235053190369498 -0.436544581354938
-1.52046749692424 1.80081867295777 -0.226421864384532 -0.406115380676747
-1.50520779462683 1.79191836137381 -0.224639913524631 -0.380173415935480
-1.48794053490077 1.78494711605711 -0.221168168562884 -0.352463165930964
-1.46753878200497 1.78207475014854 -0.214259412706679 -0.322280291270394
-1.44717515032891 1.77858460965982 -0.207963927593141 -0.292131033992075
-1.42700409813806 1.77326308168659 -0.203082880203404 -0.261757406438260
-1.40667305077668 1.76855167960405 -0.198016855278305 -0.231648932069242
-1.38633884154338 1.76322852056928 -0.193562532143193 -0.201537240666069
-1.36598646651156 1.75729269042453 -0.189720649297004 -0.171407152643303
-1.34560009658258 1.75074156141059 -0.186492750067633 -0.141241754471011
-1.32785407100039 1.74953697746648 -0.180957139739038 -0.116755534616122
-1.34309385203310 1.76363539103957 -0.177341841622475 -0.142478431105356
-1.35605868410945 1.78046448447887 -0.171445212501918 -0.166375727500444
-1.37298790719946 1.79200449946211 -0.170636228851556 -0.194035981923330
-1.38783824666042 1.80509794482762 -0.168361132396292 -0.219704670294540
-1.40581314743643 1.81363037177405 -0.170366183131320 -0.248217048752013
-1.42072114096122 1.82480276954528 -0.169836804350440 -0.273768061267148
-1.43842702833938 1.83369963703248 -0.172092083122945 -0.302626094905015
-1.45117662856745 1.84634908586409 -0.170383598988625 -0.326316659830365
-1.46930688551356 1.85198366247668 -0.175258836140874 -0.354956730541328
-1.48594379960288 1.86076996798872 -0.178022591883517 -0.383143705885320
-1.50626891180631 1.86311482064563 -0.186257734805610 -0.414048813667757
-1.52668732087437 1.86482973717005 -0.195140234270372 -0.445064638725002
-1.54721129403949 1.86590464538829 -0.204673935912749 -0.476197221750730
-1.56785276423674 1.86632846725463 -0.214862494638069 -0.507451072539643
-0.225709246213437 -0.538829109028239 4.69456198113324 1.86608919035825
-0.237217075465467 -0.570332586967047 4.67365108454451 1.86517394245629
-0.250808753061877 -0.596869945521571 4.65411481236972 1.85858335123962
-0.263520984750005 -0.628532507732263 4.63291141773621 1.85633028712867
-0.276895440626465 -0.660309678964909 4.61153984179060 1.85336142653925
-0.290931804813339 -0.692195449591202 4.58999064613203 1.84966163732010
-0.295292268103614 -0.718770816162741 4.57663030444021 1.85851619890954
-0.279836944119441 -0.688641807575846 4.59798594828217 1.86519815814878
-0.265110952149846 -0.656903712059979 4.61976730121647 1.86996740753681
-0.251554994851983 -0.626525838801627 4.64051839342731 1.87389658378717
-0.237168328025571 -0.601292712591765 4.65965586399376 1.88218759497016
-0.222425476659889 -0.576272671826871 4.67897861161992 1.89123315319711
-0.209681615304709 -0.546248908646309 4.69959031266593 1.89456495241774
-1.56580846411610 1.90765151867483 -0.194070505456777 -0.525937834657915
-1.54596964301138 1.91109169563307 -0.181937403517226 -0.497406088571883
-1.52856263145077 1.92191649317073 -0.167672856190469 -0.476559327222178
-1.50841924271942 1.92287041353995 -0.156847832865030 -0.446544835534609
-1.49012465687236 1.92997184239482 -0.144093772916904 -0.422597618594285
-1.47306024612957 1.94201874778395 -0.129537515551142 -0.403023855874869
-1.45437905864099 1.94675429333284 -0.117905560389095 -0.377446258773132
-1.43656965456177 1.95113251498011 -0.106991478189362 -0.353100994141448
-1.41803805802492 1.95484111892056 -0.0961871381455309 -0.327473661501211
-1.39911270107277 1.95657954018474 -0.0863708442518731 -0.300470431919593
-1.37964901426332 1.95361800063316 -0.0790250778075016 -0.270699439114189
-1.36009040388630 1.94739367059015 -0.0737101635857711 -0.239601584472420
-1.34195080232952 1.93847089864364 -0.0708617722313948 -0.209690819614760
-1.32516457394777 1.92697283247913 -0.0704106782596403 -0.180955431096748
-1.31575138343573 1.90893937280897 -0.0771761153568490 -0.160274218011755
-1.30218720944557 1.89306062083897 -0.0813065336487447 -0.134961710343492
-1.29390245810133 1.87153228558010 -0.0912774501326764 -0.115119540224311
-1.28199641818610 1.85357587983820 -0.0979802874582553 -0.0919599318927606
-1.26986915092675 1.83540359667240 -0.105046723187559 -0.0687268171969173
-1.25751040560042 1.81699696530070 -0.112481305762041 -0.0453960230733708
-1.24490871160611 1.79833599589519 -0.120290100741972 -0.0219421546534787
-1.22790711910655 1.78357793812934 -0.124313468551177 0.00579412780272752
-1.21054884796851 1.76951789535330 -0.128026099593240 0.0334998106747508
-1.19315509638789 1.75380443882315 -0.133112445234582 0.0615206731441681
-1.18028210623011 1.73533374882747 -0.141769384905461 0.0842074136267552
-1.16030707801562 1.72116943460355 -0.145503124206526 0.114613016764102
-1.13898354742680 1.70812442241118 -0.148304649974950 0.146180033776856
-1.11804348537099 1.69721162863829 -0.149941299133849 0.176396240446670
-1.10006219374306 1.69144173776484 -0.148923835681156 0.201164886400734
-1.08240386200661 1.69041663371426 -0.144684300110627 0.224087857758297
-1.06784804134818 1.69492844629829 -0.137368602776869 0.241447563166454
-1.06784804134818 1.69492844629829 -0.137368602776869 0.241447563166454
