-1.14583190518552 1.73818628500640 -0.129483496791441 0.128090966606438
-1.15424102250256 1.75067843466852 -0.123362735787360 0.113310460631362
-1.15886815113975 1.76542096183251 -0.114613366272341 0.102690174345192
-1.15917839040222 1.78126235776328 -0.103836797646274 0.0973151077780235
-1.15708736840309 1.79847081833758 -0.0914260042774508 0.0946084625716759
-1.16436510004529 1.81030648757918 -0.0857375986716285 0.0811834672936903
-1.16838549418894 1.82481535205945 -0.0772776580281732 0.0711141493132342
-1.16864713475784 1.84084800108452 -0.0666394958009120 0.0654580219465146
-1.16427050925245 1.85601552005592 -0.0550842497598484 0.0662223745215823
-1.16207524923937 1.87257178210129 -0.0433857356505551 0.0635598865985759
-1.16548481712531 1.88697938498885 -0.0350869891655082 0.0540414623101217
-1.16720175381340 1.90230673029323 -0.0256910524630470 0.0463931170201133
-1.16313432954204 1.91891842164274 -0.0135010294499518 0.0460388729550697
-1.16473719418290 1.93338993608272 -0.00476717817363200 0.0386983451505356
-1.17251729669213 1.94402494656950 -0.000807178698121178 0.0242432316300447
-1.17285015123505 1.95977796134798 0.00902334264719194 0.0179878836539604
-1.17245582713743 1.97517901097368 0.0188196781295014 0.0127774936081832
-1.16670832792798 1.99025197301486 0.0303701077123013 0.0150024603592563
-1.15880924461462 2.00099485202788 0.0400326411411601 0.0218211980884499
-1.15549855315723 2.01374930627362 0.0491785471269758 0.0215233412859277
-1.15835384744806 2.02765827950277 0.0566011397834176 0.0121816664223798
-1.16244274357344 2.04145399891596 0.0633601209963982 0.00105603209679139
-1.16256350791442 2.05677403827489 0.0725047742607319 -0.00524011833878511
-1.15676699972349 2.07336766771006 0.0847234938953100 -0.00381851994844622
-1.14873431722006 2.08642827090406 0.0957305723599843 0.00216063782565971
-1.14279493614956 2.09889032496253 0.105512999405289 0.00542039188298976
-1.14599934589681 2.11165353139854 0.111640696862375 -0.00441952684317661
-1.15598814477716 2.10817139563233 0.105423225969658 -0.0171436608500363
-1.16566806406204 2.10537780670465 0.0997144938863689 -0.0297387232905266
-1.17578901687898 2.10482713480032 0.0950774853250167 -0.0439460127644947
-1.18623678572044 2.10327777215504 0.0896915151380585 -0.0582303891476277
-1.19616743224111 2.10123118540681 0.0842152313700661 -0.0715907326880611
-1.20605728174208 2.09379110567622 0.0757035643705556 -0.0825521694579549
-1.21631151606698 2.09059469015112 0.0694040808903530 -0.0959094717379544
-1.22587511104853 2.08373040023742 0.0613467479038854 -0.106666109792272
-1.23542131880313 2.07673706638265 0.0532218797789734 -0.117343851817013
-1.24465315513206 2.07048302902832 0.0456439988030413 -0.127899531767547
-1.25466845403620 2.06554927811779 0.0384412062665772 -0.140183872297622
-1.26471928835643 2.05844349332359 0.0300146063292990 -0.151555521760934
-1.27446681740504 2.05207287082707 0.0221242312426052 -0.162822803399713
-1.28368496337364 2.03924793446279 0.0109223005646841 -0.170417943681946
-1.29310147123970 2.03148947403539 0.00241853937659763 -0.180579752308700
-1.30107322311582 2.01998170967249 -0.00750140259491146 -0.186963681793425
-1.30952507590839 2.00864028228248 -0.0175498381657899 -0.194122542766864
-1.31856025132295 2.00145042375218 -0.0255649457465166 -0.203982967231849
-1.32626436746351 1.98770700264905 -0.0366136748110307 -0.208992391333799
-1.33401031171235 1.97789544525490 -0.0455076269405880 -0.215820730318043
-1.34060726755637 1.96272660437137 -0.0568904331879087 -0.218631651525854
-1.34774432177755 1.94971627639908 -0.0673267547338573 -0.223194699320688
-1.35676019662166 1.94119758786136 -0.0760627113623077 -0.232427842255534
-1.36694456943447 1.93778405603702 -0.0824466334587306 -0.245582605340421
-1.37735699771937 1.93331868531615 -0.0895389283331902 -0.258621957778922
-1.38827908200611 1.93172977956636 -0.0952847780944544 -0.273700986077132
-1.39900268356446 1.93086611812457 -0.100586296499537 -0.288862444598782
-1.40996552052557 1.92892087059837 -0.106632707029715 -0.303926444563859
-1.42058298972404 1.92574582638446 -0.113223621821244 -0.317959784339944
-1.43137095542422 1.92435822837582 -0.118966618143707 -0.333103148353949
-1.44090614603181 1.91773483666990 -0.126948493157900 -0.343996822269817
-1.45248499842335 1.91807449330118 -0.132216377783659 -0.361183215918392
-1.46296399512653 1.91514272658635 -0.138738732986152 -0.375252801109238
-1.47405445876256 1.91213555104332 -0.145626311653842 -0.390223667869929
-1.48457587877133 1.90886262577210 -0.152409978321143 -0.404255829274785
-1.49627915342790 1.90842594731304 -0.158362957489413 -0.421475404640559
-1.50685299328162 1.90479702095296 -0.165428897077404 -0.435486257722196
-1.51686344784665 1.89809161268801 -0.173779932907314 -0.447142339852189
-1.52866550915123 1.89707327293994 -0.180213020095565 -0.464359148596944
-1.54010742288071 1.89486889274809 -0.187111935859277 -0.480495597898288
-1.55198839067986 1.89342572784255 -0.193923336986679 -0.497744801919291
-1.56269290235755 1.88889894532335 -0.201659807938069 -0.511659002029175
-0.208589752315747 -0.530045522960707 4.70812337653977 1.88798649359494
-0.215408593622350 -0.547535264896124 4.69631614663564 1.88685016431962
-0.223579558232871 -0.561409836429403 4.68551023430200 1.88174785890874
-0.230566633301899 -0.580077997418914 4.67319630823051 1.88111501875773
-0.237786328135496 -0.598793923955977 4.66082728198930 1.88024222421999
-0.245239070783649 -0.617557193376596 4.64840094479577 1.87912641379893
-0.252925186779288 -0.636367152514028 4.63591513404591 1.87776444619086
-0.260844888659844 -0.655222910661110 4.62336773863064 1.87615310704212
-0.269726385010700 -0.671449728045786 4.61142976139663 1.87156045084192
-0.278073380641542 -0.690361813323950 4.59876103041775 1.86945680951037
-0.278497324020058 -0.698353400441972 4.59529657787276 1.87356000070488
-0.268200243970715 -0.683798568238780 4.60729860913408 1.88130427981235
-0.258106885784821 -0.673731208026139 4.61738151208182 1.89141318073334
-0.248275259056175 -0.661150434158854 4.62832175361702 1.89960427512991
-0.238519046639567 -0.648484315429834 4.63925804283055 1.90763065803102
-0.228168037990544 -0.637138046893104 4.65001422497547 1.91739158028823
-0.217717824178223 -0.626847937613694 4.66039920626796 1.92793666611364
-0.208224419537830 -0.617187657909460 4.66996060244468 1.93733118722652
-0.198005374004115 -0.605496437070584 4.68078043349751 1.94667884297418
-0.187664850886956 -0.594845212420432 4.69124797265946 1.95683568060315
-0.178292715133897 -0.581619037584073 4.70220202299989 1.96393569186028
-0.168214755499019 -0.572850438863730 4.71174122821291 1.97478425798783
-1.56192939647438 1.98750832101515 -0.157385273491008 -0.565230337390736
-1.55035918726854 1.99414812164564 -0.147838283851664 -0.550752939176056
-1.54103222977797 2.00566958222602 -0.137608422181431 -0.542717580595629
-1.53164603288865 2.01710642477149 -0.127381955939071 -0.534541760009420
-1.52130501028315 2.02737841301168 -0.117069166420219 -0.524159936125261
-1.51123160013019 2.03654204715274 -0.107368182637550 -0.513549176330691
-1.50256313136755 2.05081832538493 -0.0964146058315035 -0.508203408994193
-1.49206371614893 2.06278802506377 -0.0853202391969926 -0.498579326819890
-1.48261201943185 2.07686739928075 -0.0740073582240684 -0.491894123346875
-1.47305464165079 2.09088798548352 -0.0626714777409449 -0.485021451285466
-1.46268438623045 2.10157471378090 -0.0521757347926996 -0.474842181214255
-1.45273366871398 2.11433600459606 -0.0411141993976082 -0.466591219117857
-1.44349124897710 2.12824477895336 -0.0300419929684246 -0.460185367309097
-1.43321765374677 2.14295032731729 -0.0180474226965578 -0.452622750170823
-1.42319624448865 2.15334985281101 -0.00787995452096946 -0.442833398230832
-1.41295985191233 2.16249623823734 0.00193506112117456 -0.431928375438698
-1.40390618438948 2.17954329705116 0.0140553396469192 -0.427801488203921
-1.39436917085803 2.19426901728846 0.0255535794951232 -0.421491955061568
-1.38445001638965 2.21110441586478 0.0380504045026180 -0.415911374162012
-1.37519618601002 2.22593823710305 0.0493530430589542 -0.410188726464329
-1.36581996253161 2.24073725882005 0.0606935970181976 -0.404270970743671
-1.35559776737536 2.25287635286123 0.0716037871215346 -0.395277679525266
-1.34549179062970 2.26733903191459 0.0832609336886538 -0.387977235265842
-1.34811375544665 2.26846439633163 0.0819591829623076 -0.393026315226178
-1.35906558812413 2.25777397701738 0.0710989622685135 -0.404147949283202
-1.37009613723015 2.24814051913334 0.0605569427934711 -0.416087059980226
-1.38100329189768 2.23716433961337 0.0496256945239648 -0.426949283397286
-1.39212840439859 2.22841348253181 0.0393267724372714 -0.439622460903335
-1.40339029696726 2.22066971611460 0.0292793728947326 -0.453187986597337
-1.41352569201378 2.20343777982832 0.0166822591105088 -0.458688559141799
-1.42507023993739 2.19770305483623 0.00715659556303805 -0.474024045620781
-1.43591224471087 2.18273722159083 -0.00511516341584777 -0.482171976127756
-1.44587320126872 2.16970481771867 -0.0161513445810124 -0.490136709978604
-1.45746402601717 2.16019397149561 -0.0270130684831609 -0.503078412406151
-1.46885562586989 2.14939327522629 -0.0381982722022529 -0.514854519708638
-1.47989925247518 2.14267066801914 -0.0477425529843819 -0.528719819888910
-1.49062277362618 2.12826145338407 -0.0597438713463450 -0.537035444766804
-1.50203875053401 2.12019833777958 -0.0699969163011453 -0.550641351024934
-1.51276269781089 2.10872725748531 -0.0809790902825470 -0.560876391988949
-1.52453382983070 2.09930903575475 -0.0919387832054602 -0.574188995201122
-1.53571127312366 2.08967094803666 -0.102588187659069 -0.586377755229592
-1.54628142777013 2.07984882984557 -0.112902558356396 -0.597440162382306
-1.55771464139430 2.07093905001306 -0.123476840023438 -0.610537877841004
-1.56915528320150 2.06185286655310 -0.134121560926855 -0.623537057091655
-0.144979228338572 -0.635274385502144 4.70287635589696 2.05157885947074
-0.155743729794888 -0.648055272823257 4.69143617092625 2.04215506036482
-0.166268807980999 -0.658537743872659 4.68092532955697 2.03160161185884
-0.177246190309985 -0.669899326665781 4.66981963347086 2.02088011623686
-0.187956176524802 -0.684721578230998 4.65774524156927 2.01291798968567
-0.198410463354632 -0.697249446701041 4.64660923313461 2.00385556289122
-0.209602104346822 -0.707026741093911 4.63588212262923 1.99171410578652
-0.220665744757244 -0.719095795447593 4.62448806026956 1.98132545737012
-0.230587170698266 -0.735219258485473 4.61255044619390 1.97558988039131
-0.241941408695089 -0.742093117461589 4.60264889539762 1.96120795057433
-0.252590781523826 -0.755290517815418 4.59117092362285 1.95227800632465
-0.263279560816334 -0.770918517429813 4.57889434909615 1.94494065211984
-0.274091524938682 -0.785210007729247 4.56697853679606 1.93650436599684
-0.285469057421091 -0.797838775046500 4.55520705563233 1.92598411966794
-0.296466419187050 -0.813226686973578 4.54283996017967 1.91800757437641
-0.307379743217193 -0.822022603791730 4.53258475081681 1.90563495780156
-0.318161397682067 -0.840155390551691 4.51953809172592 1.89993943100575
-0.329058928092313 -0.856949009883200 4.50686446345360 1.89316189165470
-0.340436078351406 -0.863671282774963 4.49688649404428 1.87852904487805
-0.351321146210968 -0.870555936021894 4.48722196146198 1.86486409768311
-0.361908521196431 -0.873260564597164 4.47908788387594 1.84884727368688
-0.371403011177499 -0.866838945100561 4.47473770636617 1.82858098669944
-0.379841930471612 -0.858401109454823 4.47202356797253 1.80899009336595
-0.388809568075764 -0.850813858400897 4.46893120734571 1.78934284408105
-0.391057557083848 -0.838043183160856 4.47222751059200 1.77762048307921
-0.393879151118780 -0.824960641773388 4.47549124004350 1.76498007710832
-0.389292831784364 -0.807675913463240 4.48508923615088 1.76187966423997
-0.384922381628199 -0.791769398341947 4.49412680002820 1.75938116315215
-0.379334519381020 -0.774489181786265 4.50455295438711 1.75811496320256
-0.375330910968417 -0.758738976748037 4.51352389633048 1.75533930852031
-0.370135898231783 -0.741610204963424 4.52387194926507 1.75375360240692
-0.366060443547836 -0.725109316882151 4.53342386942734 1.75088008917186
-0.363087123230302 -0.709241451538594 4.54219703500399 1.74675870972249
-0.357072188605325 -0.692109484296214 4.55330514798793 1.74674979008902
-0.352657986846225 -0.675261574417026 4.56351493613407 1.74452587011508
-0.350624371508416 -0.660499881190151 4.57158702501576 1.73986988110770
-0.347977925601115 -0.644028726097599 4.58090999940996 1.73536814631665
-0.346778162822931 -0.629078069114645 4.58886887638423 1.72957612908615
-0.343974603324459 -0.613061626584692 4.59827502709421 1.72576939676465
-0.341702038156355 -0.597982840751141 4.60704513649218 1.72173328549717
-0.339241236985470 -0.582079776051368 4.61642732369989 1.71767320917599
-0.336091338094842 -0.565662111698659 4.62650759216155 1.71448571217558
-0.334839809220837 -0.550432375700863 4.63516387106207 1.70916378395231
-0.333431038731124 -0.534381390154812 4.64443958442062 1.70379728225451
-0.335351194235904 -0.521813978032725 4.65041130238725 1.69528143259428
-0.333716635689908 -0.506154054122101 4.65978538410680 1.69063014894920
-0.332249260330121 -0.490533111630132 4.66915939885270 1.68585059656292
-0.330947985450817 -0.474948147063531 4.67853542381406 1.68094293183698
-0.329539813797684 -0.458535521212579 4.68852612108114 1.67592917490624
-0.331843489534368 -0.445272281651071 4.69523219128130 1.66706832980821
-0.329653043375504 -0.429508541379862 4.70536371804161 1.66362656245617
-0.333582039676011 -0.416549391400671 4.71142272051116 1.65279741864603
-1.56165883903461 1.64821186315727 -0.332260060220008 -0.400538108822089
-1.55350217611425 1.64081632715898 -0.333493729644685 -0.386219579328126
-1.54466520536709 1.63420359859920 -0.334076909089580 -0.371353059466080
-1.53515835992056 1.62834616297817 -0.334026170498088 -0.355938039807023
-1.52434999018379 1.62407473790971 -0.332581772345910 -0.339413846849611
-1.51673953764737 1.61447741719727 -0.335754147206186 -0.325378448461035
-1.50778391900015 1.60738175010524 -0.336947564815518 -0.310520580331113
-1.50129572838036 1.59681848482070 -0.341333985866802 -0.297855545478073
-1.49039559726797 1.59109791542026 -0.341123378486959 -0.281024237585394
-1.48193198367768 1.58282115999990 -0.343512998250882 -0.266673488338667
-1.47280183296765 1.57524521484121 -0.345298069375048 -0.251752463594113
-1.46301343158413 1.56834400674291 -0.346495628959420 -0.236260413696665
-1.45500292998931 1.55890215115534 -0.350057707321887 -0.222370134876749
-1.44391734283826 1.55420794934931 -0.349507857554156 -0.206040496151940
-1.43577631095580 1.54361084756904 -0.353964170589954 -0.191758675524995
-1.42520451644108 1.53781009787496 -0.354473903924818 -0.175895864651066
-1.41515946944911 1.53016019128810 -0.356481222560134 -0.160208229707548
-1.40564500153544 1.52158659718023 -0.359365813222079 -0.145004758347958
-1.39317762972716 1.51843251133254 -0.357669026379950 -0.127686513849853
-1.39369581049020 1.53572206985867 -0.345913805179395 -0.133739031938470
-1.39829027561702 1.54953897122581 -0.337897999009058 -0.144134592262092
-1.40399068148687 1.56449592787765 -0.329548825486697 -0.156442781261425
-1.41015871342917 1.57771098368994 -0.322632455615228 -0.168909499144547
-1.41745467874078 1.58932354020315 -0.317259497636841 -0.182445062990971
-1.42338935199461 1.60237043088855 -0.310574039218900 -0.194741168512265
-1.43109189541055 1.61393271752576 -0.305571684252473 -0.209003643598985
-1.43808911090320 1.62527550595744 -0.300574173470329 -0.222346136741183
-1.44369781636766 1.63810129419977 -0.294228271365463 -0.234434728343095
-1.45116038337403 1.64850880735431 -0.290203048049848 -0.248279585188400
-1.45788765154788 1.65962522031996 -0.285561815927928 -0.261482034205976
-1.46386419110961 1.67147333514542 -0.280287450190421 -0.274032322855663
-1.47310752209675 1.67922804720753 -0.278903059619219 -0.289645975333704
-1.48163611136067 1.68767605677302 -0.276919386318432 -0.304638900862326
-1.49087500557308 1.69429134339234 -0.276436041038893 -0.320009736414522
-1.49666398372046 1.70496140773955 -0.272231976407864 -0.332264714278083
-1.50298249788370 1.71565075780121 -0.268334770098036 -0.345375372193151
-1.51280762380719 1.72113519925273 -0.269063360077783 -0.361413529547903
-1.52042325764788 1.72996950270187 -0.267012851000100 -0.375812957760056
-1.52960875586463 1.73517001311510 -0.267839436439972 -0.391025551829913
-1.53857829646684 1.74206831773046 -0.267694404414587 -0.406748365022096
-1.54416600837477 1.75147687143628 -0.264772808177347 -0.418823034398605
-1.55607610503715 1.75368191793384 -0.268769245747590 -0.436934615128790
-1.56366485752762 1.76115017770131 -0.268021590526036 -0.451243972165173
-0.270470722739034 -0.467273358397466 4.70964846478876 1.76485844685740
-0.273936483421881 -0.483983231334203 4.69903372503613 1.76748781935866
-0.275350098414507 -0.499711254834622 4.68999631803788 1.77276482086820
-0.276626431678305 -0.514599635912839 4.68157226167135 1.77795281231609
-0.280095522510842 -0.531711839201939 4.67104179035209 1.78106545345339
-0.285171410971839 -0.549252471200290 4.65960675746645 1.78209516410511
-0.286961452669139 -0.564307711533930 4.65114873479575 1.78690234007075
-0.290138414976470 -0.580958113084851 4.64130709648989 1.79053414100848
-0.292263209576236 -0.596138052659341 4.63283129472194 1.79511348421526
-0.294918225705753 -0.612291365925815 4.62372335765839 1.79950384428866
-0.301873305905898 -0.630754479225092 4.61136058885400 1.79864910858340
-0.304530261872335 -0.646139311720586 4.60282602138185 1.80284241764031
-0.310998646704674 -0.664090216030734 4.59115064203561 1.80264955777188
-0.315850235291338 -0.680858519461375 4.58099353339608 1.80440916397632
-0.320394700459536 -0.698001639796981 4.57095181351160 1.80696609925926
-0.327930635421828 -0.717059731482068 4.55849172523347 1.80602816770391
-0.323156925179803 -0.716470746196525 4.56150200463861 1.81322317206554
-0.317885333555153 -0.699525063063077 4.57172633745243 1.81177341337056
-0.310973711900740 -0.681403552076609 4.58349015830280 1.81232734488887
-0.303368374617729 -0.662704561117978 4.59598804835777 1.81373158126823
-0.298713871935588 -0.645956341702208 4.60607634250826 1.81172615868509
-0.292451172409405 -0.628000174588402 4.61768987462090 1.81164622321011
-0.288193641613401 -0.611382161326390 4.62770432461622 1.80930019073941
-0.280932026673643 -0.593155892028030 4.64015734747239 1.81078855923698
-0.275305588048824 -0.575353846441278 4.65163939425098 1.81009499905364
-0.273392501844415 -0.560216992611798 4.66001771821065 1.80524955538824
-0.266755332249364 -0.542121088095904 4.67234376307396 1.80611686533070
-0.260335466035782 -0.524051937982827 4.68462743032961 1.80675124868686
-0.254682640223613 -0.505775299496717 4.69672377461230 1.80622378029561
-0.248700664639676 -0.487765936832605 4.70892897563725 1.80640159424039
-1.56208732060282 1.80635293565304 -0.242935282530462 -0.469782885196532
-1.55309633284763 1.80153691257057 -0.241277786076794 -0.454318377905198
-1.54098380689508 1.80109907967546 -0.235918129940221 -0.436408362920965
-1.52890080968926 1.80044005731223 -0.230773518990016 -0.418521732401717
-1.51684507494448 1.79956148483790 -0.225843623237368 -0.400657529429951
-1.50495323146718 1.79755304379004 -0.221700309947990 -0.382613931615411
-1.49294392774026 1.79624251131109 -0.217201631804366 -0.364795417265917
-1.48095465140000 1.79471662909660 -0.212916526541622 -0.346995153448430
-1.46898291280867 1.79297654371080 -0.208844670111499 -0.329211473041179
-1.46080884839778 1.78612133292383 -0.209423622922941 -0.314761150654759
-1.44885295832303 1.78402394997620 -0.205738930255244 -0.297023184964676
-1.43920621174231 1.77848707417058 -0.205120079828875 -0.281220712151975
-1.42725982036738 1.77600745914580 -0.201836662448552 -0.263511288371937
-1.41531771153884 1.77331650102248 -0.198764663400817 -0.245806222372349
-1.40349754650162 1.76952460895266 -0.196497420953157 -0.227926922817642
-1.39155343261451 1.76641364297160 -0.193850360795652 -0.210224782791973
-1.37960466308048 1.76309138638484 -0.191414793329487 -0.192518189205010
-1.36764811066882 1.75955749041391 -0.189190935565368 -0.174803883058307
-1.35568054672554 1.75581139635825 -0.187179105839235 -0.157078395333232
-1.34369863342191 1.75185232357042 -0.185379735005247 -0.139338038407790
-1.33169891508874 1.74767925630259 -0.183793378299582 -0.121578896101121
-1.33599074660113 1.75836850975538 -0.178436347477566 -0.131202950244276
-1.34486331059654 1.76693896878841 -0.176164457335379 -0.146374083130528
-1.35296457267470 1.77607742654097 -0.173349303448321 -0.160798649074200
-1.36390422547014 1.78233463670514 -0.173500028183580 -0.178146236769070
-1.37277148152516 1.78965482731383 -0.172306121568632 -0.193139776817824
-1.38233488871620 1.79614293122037 -0.171986149797732 -0.208871316144503
-1.39173353875763 1.80338612762221 -0.171239068423039 -0.224766081213094
-1.40050919346758 1.81034848958257 -0.170517670246776 -0.239782699707135
-1.41222167448886 1.81420260520385 -0.172932808085335 -0.257764434188246
-1.42244967955812 1.81938059574288 -0.174056505991564 -0.274294127702769
-1.42908664997741 1.82736884527308 -0.172142623279879 -0.287005464940567
-1.44079154629250 1.83073089871967 -0.175134934516586 -0.305064725938957
-1.45024322004530 1.83627874540055 -0.176013199492980 -0.320942511349039
-1.46212677704386 1.83836577199697 -0.180004008447439 -0.338903903898470
-1.47403031272951 1.84024119244907 -0.184212985061386 -0.356891836650169
-1.48595645857453 1.84190367142603 -0.188640758225140 -0.374908234635903
-1.49790779729603 1.84335173273419 -0.193287974859659 -0.392954851300084
-1.50988686453013 1.84458376476363 -0.198155291487654 -0.411033267191614
-1.52189615010947 1.84559802580936 -0.203243365776742 -0.429144888105779
-1.53393809895418 1.84639264931457 -0.208552848032768 -0.447290942711732
-1.54601511158427 1.84696564908051 -0.214084372624864 -0.465472479699851
-1.55699335208488 1.84354343866942 -0.221196083222753 -0.480140220387259
-1.56914407843703 1.84368788405616 -0.227125799250656 -0.498365108154053
-0.233278532285138 -0.516626412263223 4.70184931250557 1.84360453889386
-0.239654748790313 -0.534924445087655 4.68961399401173 1.84329103671928
-0.243073981418880 -0.551421642426660 4.67986930968348 1.84662431710147
-0.238256703485062 -0.550242332048229 4.68294633603563 1.85333931100900
-0.231679722936348 -0.531843307636339 4.69520935436468 1.85378028547488
-0.224775338578935 -0.513693979059861 4.70760382674317 1.85492981363430
-1.56340945873470 1.85490537617773 -0.218645701188961 -0.495367882511598
-1.55281055647491 1.85939900410445 -0.211105065096028 -0.481721972085600
-1.54096122934576 1.86084327292797 -0.204518465255888 -0.464730313939828
-1.53040939037374 1.86497958734117 -0.197242788986060 -0.451039113111182
-1.51862484777346 1.86602073154160 -0.190996915911302 -0.434049841636566
-1.50917117288058 1.87368204801802 -0.182473583137713 -0.423734150446515
-1.49703301881376 1.87335266691006 -0.176855881584551 -0.405648913718577
-1.48637429288493 1.87771798400538 -0.169520692510104 -0.392020315810623
-1.47632198075239 1.88200248758242 -0.162532957520165 -0.379264772265177
-1.46467898395410 1.88208321863533 -0.157086018235340 -0.362255567234972
-1.45407082342925 1.88593497175451 -0.150130573490422 -0.348543715084386
-1.44308061084686 1.88859173154948 -0.143677656940779 -0.333757345747319
-1.43328383750183 1.89417274286488 -0.136189511315174 -0.322053438092084
-1.42290921333545 1.89662480993245 -0.130177235560921 -0.308118605239023
-1.41293538809967 1.89996401974791 -0.123880204174257 -0.295186958432044
-1.40123847046242 1.89983900141907 -0.118787231803293 -0.278272050094986
-1.39091208967579 1.90179504382310 -0.113176564285918 -0.264291044195011
-1.38001820729298 1.90341952235321 -0.107542761952743 -0.249387838009140
-1.36839736587363 1.89986399383075 -0.104618052099730 -0.231286758214317
-1.35678461158777 1.89610862857010 -0.101914909503426 -0.213215496071495
-1.34614272803256 1.89058980758107 -0.100751234797805 -0.195891116821646
-1.33549038010427 1.88490527532427 -0.0997906415577576 -0.178593643396510
-1.32788776446905 1.87642191639265 -0.101835889810076 -0.164552917081989
-1.32041779992533 1.86698205061714 -0.104616724606664 -0.150423921559332
-1.31306165567547 1.85659039255882 -0.108135533576514 -0.136194928221011
-1.30863725095897 1.84357774025006 -0.114507821523356 -0.125130159142599
-1.30111717023649 1.83306005828223 -0.118269532022974 -0.110854106951898
-1.29500383239318 1.82121362682948 -0.123499810637224 -0.0981246162700949
-1.28570185987168 1.81263087748044 -0.125600157873217 -0.0823402416355411
-1.27928089193843 1.80149918181640 -0.130469457471353 -0.0696568776363929
-1.27131441778607 1.79149464289407 -0.134161356679794 -0.0553777637701426
-1.26254821405625 1.78197591362192 -0.137356716343043 -0.0402881904314188
-1.25358926564232 1.77319564328862 -0.140095236496633 -0.0252874918377821
-1.24396501086078 1.76399391455568 -0.142981932342496 -0.00934820416917074
-1.23199970821178 1.75717831203099 -0.143593797039470 0.00882083630755513
-1.22571572856865 1.74575294606838 -0.149254558912781 0.0208694200399779
-1.21434109326491 1.73804605203606 -0.150839755143074 0.0383657531457475
-1.20208695412715 1.73151938282208 -0.151429038833039 0.0565572778075250
-1.18977048185339 1.72475486343771 -0.152247613937981 0.0748196943607107
-1.17782156497562 1.71982134041716 -0.151990603457225 0.0919591447397811
-1.16537470363887 1.71257775969344 -0.153261093218584 0.110379097038900
-1.15697660962980 1.71668484540297 -0.147863605223890 0.120067593333139
-1.14587986167403 1.71447767995234 -0.146095091194632 0.135140020768788
-1.14172371324816 1.72193021369794 -0.139624124575922 0.138314602067769
