4.1
16.2
24.0
-4.0
15.0
1
8*sin(4*t) + 21.5, 8*cos(3*t) + 18.5, 0, 6.283185307179586
-0.236029855903974 0.196661724255227
-0.309204570025993 0.220670821858422
-0.380781203361175 0.240085246235896
-0.447412117219742 0.25234638965072
-0.50524807761066 0.253623995579051
-0.550333546614074 0.239438037413556
-0.579633736788362 0.206206921182279
-0.592229907751311 0.153045164487223
-0.58958816620828 0.0822140873124085
-0.574633609809582 -0.00216098211424309
-0.550590089536097 -0.0957009067020581
-0.520332776515791 -0.194623713538998
-0.486223231405367 -0.295885969298917
-0.450151902836687 -0.397013791725306
-0.413613785534196 -0.495868900814449
-0.377753871417901 -0.59043253003247
-0.343371833291205 -0.678620586478745
-0.310897925080734 -0.758132271577066
-0.280370125269026 -0.826353033602183
-0.251466330636182 -0.880369552614492
-0.223666449331473 -0.917191590716316
-0.196600993646977 -0.934261858540944
-0.170532593290803 -0.930192593464996
-0.146730191194065 -0.905403416842701
-0.127416792052936 -0.862194615616588
-0.115206069649997 -0.804079231890114
-0.112337305144157 -0.734745951285429
-0.120140127404256 -0.65724133057653
-0.138912520614449 -0.573664891441535
-0.168104662347848 -0.485280325931707
-0.206608270864871 -0.392801074055714
-0.253011892771843 -0.296672882484596
-0.30576891348389 -0.197286964395727
-0.363274967431819 -0.0951316914409458
-0.423862109968102 0.00907281350320585
-0.485698857986108 0.114184484554622
-0.546533017042442 0.218258253260215
-0.603090325540745 0.317669305454966
-0.649708105928181 0.405095307774302
-0.676125247631951 0.466208153461615
-0.669497478866179 0.48252160172233
-0.628427025155698 0.451948727790289
-0.56533263074441 0.392273644977688
-0.491681282415951 0.319458358771422
-0.413955722653127 0.241779480753841
-0.335854468310066 0.163070974737942
-0.259912509430554 0.0850510066506015
-0.18824377209151 0.00833060664777945
-0.122876755874304 -0.0671697203758454
-0.0659098239104247 -0.142022813360067
-0.0195619416313754 -0.217146171939357
0.0138737928100341 -0.293604061769928
0.0322005930647083 -0.372290649452792
0.0336490846084129 -0.453455267226606
0.0173737234160581 -0.536105035672797
-0.0159851515492062 -0.617467545232098
-0.063940053042998 -0.692876936657341
-0.122351072342604 -0.75646332625656
-0.186308421528143 -0.80262722013548
-0.251323617842927 -0.827621912309969
-0.314162945812452 -0.830361814832294
-0.372973340328189 -0.81217321882391
-0.426888371708601 -0.775933880936424
-0.475503491037624 -0.725201957740368
-0.518468545711611 -0.663640106033513
-0.555254496609768 -0.594745540266346
-0.58505990495184 -0.521775282499155
-0.606814598090759 -0.44774916578782
-0.619260772215274 -0.37543912706337
-0.621112229490678 -0.307280560874894
-0.611291352445064 -0.245178865102973
-0.589210488218461 -0.19025057886949
-0.555013608400205 -0.142620775571633
-0.509675882240351 -0.101428014399528
-0.454916656744658 -0.0651029772824607
-0.392979757570042 -0.0318376762651642
-0.326385071391036 -7.83436827837459e-05
-0.257726084405285 0.0310945446924651
-0.189530040431272 0.0617575086355421
-0.124163982460588 0.0911085138169013
-0.0637699818369592 0.117582190267495
-0.0102273712279636 0.139082044808613
0.0348509944440918 0.153286511178996
0.0700864346651256 0.157980597225001
0.0942803992840065 0.151369114218618
0.10637028324868 0.132340577613227
0.105434083368093 0.100666574753864
0.0907740413253883 0.0571308968121097
0.0620836383253026 0.00357859011065437
0.0196637793758472 -0.0571430970557441
-0.0353857810827666 -0.12139811969788
-0.101092030997164 -0.185165191225024
-0.174714059059385 -0.244605275644933
-0.253011892771843 -0.296672882484596
-0.332579517713658 -0.33959479825885
-0.410119672412952 -0.373079878675109
-0.482592231333408 -0.398234967130648
-0.547252816126523 -0.417256936348191
-0.601654920237647 -0.432992125037365
-0.643693089886426 -0.448423835445777
-0.671722641336742 -0.466128915435089
-0.68472255903096 -0.487772856386462
-0.682410729302772 -0.513758171974755
-0.66522480626343 -0.54312653913231
-0.6341579965767 -0.573715628961757
-0.590525950229358 -0.602467193754522
-0.535771056849686 -0.625768453970487
-0.471382893096212 -0.639782634241876
-0.398970367539534 -0.640814006525449
-0.320481727562953 -0.625792957676144
-0.238513572192185 -0.592917073327113
-0.156560553296762 -0.54232691315226
-0.0789806713802686 -0.476494407267789
-0.0105156232931906 -0.399962637501445
0.0445271710916092 -0.318377314468384
0.0830525008921355 -0.237211378614352
0.103554440650849 -0.160752603460974
0.106021033187002 -0.0916607095918113
0.0915535770197861 -0.0310319981757071
0.0619351588420855 0.0212583389030858
0.0192899188524275 0.0661329241216014
-0.034128312795628 0.104909112578373
-0.0960342850620738 0.138946658417801
-0.164125092759548 0.169343169276427
-0.236029855903974 0.196661724255227
