3.0
18.0
24.0
-5.0
18.0
1
8*sin(4*t) + 23, 8*cos(3*t) + 19, 0, 6.283185307179586
-0.225454329181337 0.201776198918261
-0.298282186873858 0.222242825834807
-0.369347409860331 0.238453260273235
-0.435353721252148 0.248157752235618
-0.492561921459032 0.248042626959116
-0.537164719821771 0.234272151904176
-0.566203069089876 0.203751042666018
-0.578636594938525 0.155593626830003
-0.575652858783487 0.0915920193626171
-0.559914019150937 0.0152877870155115
-0.534492950230697 -0.0693586770846134
-0.502204140309113 -0.158772659498395
-0.465386188615615 -0.249971832651212
-0.425912762841406 -0.340469540218866
-0.385262722004805 -0.428095809986885
-0.344579807108706 -0.510828286847711
-0.304708389978787 -0.586660401653931
-0.266216930541118 -0.65351859638958
-0.229434929993395 -0.709248338593827
-0.194538506119073 -0.751702663434084
-0.161716005719615 -0.778967706993606
-0.13140975970744 -0.789719744840964
-0.104555261215183 -0.783612763690015
-0.082667207196813 -0.761493454048573
-0.0676479631415471 -0.725255424116531
-0.0613571833777959 -0.677342806617445
-0.0651540138389977 -0.620148810806616
-0.079630164742499 -0.555595928854031
-0.104600035099386 -0.485014343034986
-0.139265700296334 -0.409247391539896
-0.182432753478717 -0.328847685277357
-0.232691070851821 -0.244265403350407
-0.288526208640193 -0.155994130048518
-0.348356867027272 -0.0646857632606218
-0.410497467098186 0.0287270214510707
-0.473025996802655 0.122836179409447
-0.533491256262247 0.215375139815218
-0.588308818488524 0.30242662200454
-0.631650808056739 0.37694563316326
-0.654402781899019 0.427340750052428
-0.64710939582435 0.441315278448043
-0.609147163986466 0.417979270957914
-0.549722552107894 0.369154502463797
-0.478611966540726 0.307103236653839
-0.402239958834508 0.239344687588693
-0.32458060987256 0.169833287156849
-0.248389667319105 0.100537915768639
-0.175907618150266 0.0323025746914573
-0.109215290728006 -0.0347455674116271
-0.0504084551629241 -0.100986419352018
-0.0016622340779278 -0.16715209025499
0.0348012364540695 -0.234140211834712
0.0568585360052953 -0.302736984825514
0.0627681137730892 -0.37322262618691
0.0515873751907711 -0.444893655112472
0.0236399166985395 -0.515643743790392
-0.0191695956970414 -0.581861314174595
-0.07345368830591 -0.638899731704037
-0.134964397680364 -0.682115227296878
-0.199508183282752 -0.708050677772846
-0.263694019655785 -0.7151773263721
-0.325202870810312 -0.70392090915409
-0.382618715568464 -0.676168370809249
-0.435064482881538 -0.634639840798308
-0.481854107902434 -0.582391318385737
-0.522251908454602 -0.522520720407066
-0.555346831197028 -0.458033357291065
-0.580023609327946 -0.391787253201691
-0.595019993513757 -0.326441618056332
-0.599071120573619 -0.264348578178409
-0.591137331216165 -0.207361696221787
-0.57067809597643 -0.15659616608022
-0.537885827084383 -0.112249072796116
-0.493778406032491 -0.0736116726455257
-0.440108263904793 -0.0393275146152879
-0.379142042439294 -0.00781862552185529
-0.313412839386806 0.0222699658237544
-0.245518532494487 0.0517289421573008
-0.177983485634235 0.0805983446716693
-0.113167855139911 0.108136943641153
-0.0532073515665551 0.13292592491736
2.08930778973361e-05 0.153075837346601
0.0449020062248975 0.166498472600664
0.0800558968587431 0.171201670789264
0.104291563746584 0.165568868050789
0.116570920529864 0.148596130389536
0.116016189149274 0.120072140652327
0.101986931120469 0.0806938642099724
0.0742296976901154 0.0321069367494732
0.0330692600806267 -0.0231538778380947
-0.0204235317836246 -0.0818603683805743
-0.0843662314666014 -0.140446474988956
-0.156154139943697 -0.195496368315207
-0.232691070851821 -0.244265403350407
-0.310680100029459 -0.285093159057929
-0.386872800052008 -0.317598431841848
-0.458217543297127 -0.342629632310756
-0.521916898757589 -0.3620173908757
-0.57545416323591 -0.378197122415425
-0.616656059219317 -0.393752148997024
-0.643822738558341 -0.410919277740468
-0.655893031641531 -0.431126683642448
-0.652559281511197 -0.454671879867111
-0.634250918188261 -0.480631844692066
-0.601978741413214 -0.507008455989453
-0.557114608094776 -0.531020174208402
-0.501209152695957 -0.5494361316304
-0.43592107221925 -0.558909182064839
-0.363084389610305 -0.556335698125464
-0.284895745006991 -0.539295107630045
-0.204151708863885 -0.506573562005903
-0.124400345573514 -0.45865596545603
-0.0498349491259184 -0.397943723650291
0.0151637203107025 -0.328462585827608
0.0667210711028626 -0.255056763313005
0.102097727660929 -0.182377858338832
0.119984703080885 -0.114081134190912
0.120415224790897 -0.0524571953125637
0.104439588911796 0.0015344706062459
0.073751261345129 0.0479952967029975
0.0303843240181994 0.0877339061060145
-0.0234796470195621 0.121915764881653
-0.085604669137524 0.15174829913393
-0.153715800404386 0.178204556079342
-0.225454329181337 0.201776198918261
