3.0
15.8
23.4
-6.0
15.0
1
8*sin(4*t) + 18, 8*cos(3*t) + 18, 0, 6.283185307179586
-0.104341302167431 0.173480476727135
-0.174919682132714 0.182326116792146
-0.242848590043341 0.185862053776306
-0.30522519463066 0.182273483261571
-0.359106802885118 0.169080914877564
-0.401836365920736 0.143676404668289
-0.431542954038829 0.10412003813787
-0.447589955576926 0.0498614696237509
-0.450669896165587 -0.0180514304793171
-0.442479993025981 -0.0973700926446777
-0.425216346444881 -0.185300702406824
-0.401155403332333 -0.279026241153616
-0.372416769489561 -0.375956529753175
-0.340864184381537 -0.473762499224962
-0.308069974913127 -0.570290732346994
-0.275288182145155 -0.66342159369287
-0.243407632556102 -0.750899560906068
-0.21287911843864 -0.830152196013347
-0.183639592135252 -0.89813281244725
-0.155103154971762 -0.951279520211941
-0.126348775173783 -0.985770312170617
-0.0966432817186945 -0.998280155280927
-0.0662518676038632 -0.987202149150688
-0.0370754355989136 -0.95370591721422
-0.0124579215622002 -0.901670755886272
0.00391663348329294 -0.836277850097081
0.00927425308284754 -0.762252611461999
0.00237108408894179 -0.682864396381664
-0.0166066256890922 -0.59989077201359
-0.046491149283291 -0.514096288663684
-0.0855844401752728 -0.425771768864983
-0.131964338010981 -0.335133497991594
-0.183635176856078 -0.242570527776926
-0.238557394999503 -0.148801945120433
-0.294586406312367 -0.0550169157448366
-0.349331810657437 0.0369367353345509
-0.399934818554689 0.124263489306544
-0.442785976632146 0.202835259073344
-0.47334773680013 0.266935338179133
-0.486593848448407 0.309874448926992
-0.47871979119839 0.326447173498338
-0.449411443025856 0.316210604836464
-0.402150806157825 0.283911209474312
-0.342127352159772 0.236424810934812
-0.274246358521668 0.179836809947424
-0.202475503681485 0.118452418401836
-0.129988782728393 0.054931586409492
-0.0594941954470289 -0.00934314278986391
0.00648249401598924 -0.0739786156017545
0.0653963873803367 -0.139383394531851
0.114563198686547 -0.206618149274319
0.151131816823461 -0.277202562306296
0.172189777020499 -0.352788578767431
0.175070569790891 -0.43461041176097
0.157933842032762 -0.52266458750543
0.120601353061662 -0.614729152794894
0.0653770394814363 -0.705658642017303
-0.00276005958339529 -0.787725018524884
-0.0771652260290961 -0.85252040359288
-0.151465122160463 -0.893708736119727
-0.221187133169748 -0.908853811212668
-0.284123120115988 -0.899290088176073
-0.339657317154684 -0.868698997473788
-0.387860297968778 -0.821624983445233
-0.428847108677665 -0.762551540435327
-0.462468933496615 -0.695516186339416
-0.488234119824386 -0.624030583979798
-0.505357855314098 -0.551107598423573
-0.512886310319789 -0.479279597961125
-0.509872594310835 -0.410556640685128
-0.495586961443564 -0.346323489849137
-0.469728287878161 -0.287221779603557
-0.432585759265018 -0.233098675742004
-0.385102981753687 -0.183099315526186
-0.328830614169049 -0.135925920542575
-0.265796611953744 -0.0902127148547359
-0.198342516626867 -0.0449214195430308
-0.128961758710883 0.000335102120126782
-0.0601525746298526 0.0451030566810099
0.00571305642180762 0.0880590758102524
0.0664973138122613 0.12713841363603
0.120363290218088 0.159787569576379
0.16578179786733 0.183288902345251
0.201475000557797 0.195099668582953
0.226319434798836 0.193158746838187
0.239253802776207 0.176134893641228
0.239245651601342 0.143611806878661
0.225361516271912 0.0962188184494552
0.196958104016752 0.0357127934677013
0.153969188148005 -0.035009405436017
0.0972085173419521 -0.112030064583444
0.0285629543738321 -0.190746381137506
-0.0490458242716194 -0.266460943575867
-0.131964338010981 -0.335133497991594
-0.216269843519835 -0.39406367279153
-0.298204701895752 -0.442261707803968
-0.37444080766977 -0.480407470673812
-0.44215844382748 -0.510476638507049
-0.499022241178506 -0.535194100062707
-0.543153367150114 -0.557447991718157
-0.573151016148331 -0.579742056387849
-0.588151643117761 -0.603739991780906
-0.587869268192927 -0.629957684745487
-0.57255993893278 -0.657645032655855
-0.542897400639003 -0.684849791026963
-0.499803116739816 -0.708605728123683
-0.444306602268782 -0.72518531324233
-0.377514872107221 -0.730413618238497
-0.300755874159767 -0.720120191554377
-0.215925389701336 -0.690846400558933
-0.12596918631542 -0.640837555535192
-0.0352472120606382 -0.57106232672762
0.050620600702125 -0.485655003643498
0.125646428887088 -0.391225492371859
0.184769815013577 -0.295186244668423
0.224840185387356 -0.203983043252954
0.24484015205769 -0.122054617225351
0.245477480327441 -0.0516739444760204
0.228551486187474 0.00666781986998373
0.19640426851856 0.0537104158148399
0.15156679502235 0.0909081733376215
0.0965824604910935 0.120002437590154
0.0339513717541358 0.142673372228902
-0.033854976308981 0.160251810891584
-0.104341302167431 0.173480476727135
