7.6
15.8
23.4
-15
7.6
1
image from CarFront.jpg
4.33733247019226 2.07416942260593
4.30620023009081 1.98528123092485
4.28440105701068 1.90448554668291
4.26796330075889 1.82878491529626
4.25885449324716 1.75907844239831
4.25098451759597 1.69100004835675
4.24667817474878 1.62577759197005
4.24555952490411 1.56289582282024
4.24494136944966 1.50031609733878
4.25174790945047 1.44242469020183
4.27735067990971 1.40946323082683
4.31521475676793 1.39598034051169
4.35333034667923 1.37727518618564
4.39147127111457 1.35645244256131
4.43306033754432 1.34160791346967
4.46942093561059 1.31552165485499
4.48335194251366 1.2558175510362
4.49766436504012 1.19475548885597
4.5315001464536 1.1522561626806
4.55869134143396 1.18441463319153
4.55089981321994 1.24526733062833
4.56633734216572 1.29004110482028
4.60659850781505 1.27739819246978
4.64652838065497 1.24496562177403
4.68861949330849 1.24446273221769
-1.55259436721685 1.23427454874622
-1.50902964433112 1.21764061539629
-1.46252284302409 1.19036361787154
-1.41784319145461 1.18106507225655
-1.37182172939326 1.16813261763278
-1.32410261493073 1.15109559150036
-1.27417641102518 1.12926366740527
-1.24063039548858 1.14121514572318
-1.20713015980122 1.15497877072327
-1.15251020022746 1.12464947028179
-1.09094084318971 1.08029005301381
-1.06386469180415 1.09575520308549
-1.08194320853096 1.17477781672595
-1.1036157052827 1.25678760250004
-1.11905834077818 1.33190829052072
-1.12971545536092 1.40230107680248
-1.16473077763652 1.46014317879028
-1.20769922476314 1.49725104191166
-1.20961228835998 1.5604300929384
-1.20870178935344 1.62208485797644
-1.20514645314983 1.68252994403256
-1.19685698378769 1.74078719315065
-1.1845623655927 1.79390090062366
-1.17399935692519 1.85188104835981
-1.19624084624573 1.89224406931267
-1.23232494609063 1.91891365615492
-1.27192203786508 1.92804104281617
-1.31066919047764 1.910105080076
-1.34567961968918 1.87499332158281
-1.36665711871684 1.82406800874173
-1.37117065451755 1.76508910664726
-1.37114296679258 1.70542691388837
-1.36169839339021 1.64996192312629
-1.35017143705109 1.59066933976228
-1.3384393528876 1.53118451024878
-1.32855691184634 1.46873691235624
-1.31615196720847 1.40810840455115
-1.30461087581741 1.34027880231405
-1.31292841122224 1.29630729585376
-1.34880014730942 1.34644596200869
-1.36608084885851 1.40860347047497
-1.38513361165109 1.47018813621863
-1.40365215044122 1.52745964353763
-1.4398829584558 1.55178321117738
-1.47260928715384 1.52461854848683
-1.48544976979518 1.47063886553295
-1.48950978494112 1.41510705032169
-1.47735496136675 1.35362113647449
-1.48605325376816 1.31106426991118
-1.52771018616953 1.32189056713181
-1.56932574718574 1.33340902984513
-0.536477378043244 -0.358767662941288
-0.515910753510179 -0.410543287401494
-0.481498444392406 -0.444515075401174
-0.448886024330193 -0.479677099042605
-0.412939194626384 -0.508649141465659
-0.380468091469762 -0.537646443375388
-0.349592853224884 -0.568353770282334
-0.313382617452392 -0.589201792210081
-0.281669027062599 -0.613831606589785
-0.245275745733097 -0.631108614217214
-0.208532583397673 -0.64635577076993
-0.170235703333791 -0.651550801724135
-0.144254906166353 -0.679996322799683
-0.171795233304761 -0.697084597978566
-0.210216437035439 -0.687299348984948
-0.247979569913823 -0.675157828174766
-0.284822952282217 -0.665171598013511
-0.320256825247183 -0.645451757252189
-0.351046486762035 -0.618731471428677
-0.386491559934749 -0.595690743120964
-0.422617658561524 -0.578251147220083
-0.45831716928289 -0.551562972695285
-0.4944139911739 -0.523028735602543
-0.531061835986939 -0.49255859382723
-0.564036114856172 -0.504554500427062
-0.571711157645964 -0.561994929660588
-0.581608599009408 -0.61928698286327
-0.590266647447259 -0.680183132706455
-0.601436850035954 -0.741266394106854
-0.608841653696688 -0.805657789611507
-0.614163182103751 -0.867209336784779
-0.615666283277135 -0.928077474055372
-0.602102552816365 -0.9760719625607
-0.574425503790376 -1.00565054491405
-0.550072951187386 -1.04263820849797
-0.524169295168189 -1.07606562729394
-0.497533901126595 -1.10362289133451
-0.474908678905459 -1.13968645607415
-0.45301358091988 -1.17583924332064
-0.431895280792185 -1.21223917061492
-0.406457736369781 -1.23820437438672
-0.383247862558156 -1.27017547952947
-0.355338446374921 -1.28795188495421
-0.33620879075825 -1.32468632519001
-0.318268236319357 -1.36261207173404
-0.297052686846464 -1.3953789894999
-0.266778654766021 -1.41137850724803
-0.188657731677106 -1.34317450411185
-0.0928520629419315 -1.23780983821841
-0.000183834953599069 -1.11040491270072
0.0834547554561935 -0.982493980660525
0.158723056792715 -0.872781357260928
0.227199895607311 -0.758502177356786
0.286942468293693 -0.651653902147272
0.298707494278316 -0.58921427477818
0.244850798049339 -0.615194359638119
0.193641486099387 -0.635537989652754
0.140087553362252 -0.672734302172448
0.0914936733503143 -0.687632639281637
0.0453416422488474 -0.702227529772302
0.00252048370827966 -0.704216898677815
-0.0330448444063125 -0.694622658551431
-0.0746575627182552 -0.698822232727915
-0.115065753012872 -0.699958754724276
-0.0773555456640688 -0.668909282627378
-0.0359272025325084 -0.66500879843673
0.00109689359293425 -0.666222759794721
0.046820472623325 -0.651766884402383
0.0923650013639279 -0.637718940672941
0.138511398461703 -0.627957373440532
0.188478808180945 -0.609161746015346
0.239757027400432 -0.581774295246682
0.293088309171011 -0.549401282115512
0.350434879925559 -0.499489465950297
0.395338362775746 -0.410623243840221
0.427085821478141 -0.327362925479792
0.453547512210323 -0.248554855545516
0.432005296867734 -0.232337107940549
0.381979375394397 -0.26936074808874
0.340074122375147 -0.278548732831217
0.301514836573414 -0.273480384913684
0.289192008290919 -0.22498716117507
0.306357288612964 -0.167382207759406
0.348434306926343 -0.120705187360584
0.391575687415033 -0.0810533129273008
0.434298973448103 -0.042511867827603
0.464321296352058 0.0127709507714218
0.432412678614677 0.0184380771735587
0.38676439843239 -0.0117525464976821
0.345946397630572 -0.0432257561240337
0.300742446915113 -0.0678032302538759
0.261830428377535 -0.103546032957803
0.219963431717189 -0.141507039370554
0.178991299771191 -0.166908134141941
0.137756276619239 -0.193311267843989
0.0958499212749719 -0.207362468169326
0.0531142187932677 -0.21217743432985
0.023326670400928 -0.187215131349084
0.00191397958166602 -0.141227953696242
-0.00926505784794071 -0.0852298621826685
-0.0159359911252894 -0.0294350940874761
-0.016004163635385 0.0326857808817651
0.0187472709622579 0.0523879367866872
0.0606310997061852 0.0548525927011981
0.100557942124968 0.0530724457195051
0.142648618634031 0.0573712327104296
0.18219357439442 0.0734135638866548
0.223924291610714 0.0924800408066868
0.234743165784232 0.152148440859324
0.249734129945655 0.197393997285897
0.290875682408227 0.214013580164348
0.331930125404608 0.23311742598143
0.372869501533314 0.254681705935744
0.413653185398347 0.27867466200753
0.453214336097801 0.287278153719719
0.479018703060689 0.257592424623491
0.488863835340917 0.200774105945452
0.501081421906194 0.146436471940776
0.529654118353292 0.114717848795247
0.552714395184081 0.0831218578596194
0.555247613125809 0.0228926768440479
0.554834463434771 -0.0395512734811609
0.551106512248813 -0.104741363650977
0.543593452379806 -0.173316273734879
0.512322778309192 -0.254075884082733
0.483789594156446 -0.336704156052876
0.450507625393109 -0.420422612573122
0.41233320855825 -0.512808776249364
0.357761720910567 -0.610505864499746
0.334532376244557 -0.690932804070473
0.396397322283138 -0.653269533398457
0.404452464095136 -0.693319233583186
0.319387570992877 -0.817519620041274
0.241330512064694 -0.891118700763604
0.167987769322353 -0.954786647286849
0.0794749308994177 -1.05843735604827
-0.0247838180296778 -1.20727547847917
-0.137837424420462 -1.35417960208737
-0.244417489024369 -1.47794608223821
-0.341433795665309 -1.57636063216609
-0.385069064977628 -1.58446117623294
-0.402559266328071 -1.54953893425685
-0.411992345161487 -1.50020043834254
-0.423971829993873 -1.45739012701621
-0.441867379863414 -1.42230580654748
-0.464337130113993 -1.39299465241962
-0.482286373556362 -1.36381303760074
