7.6
15.8
23.4
-15
7.6
1
3*cos(t) + 18, 3*sin(t) + 18, 0, 6.283185307179586
-0.254801866635342 -0.298362108813618
-0.252762685928422 -0.289106977606174
-0.250469837593969 -0.279993674145801
-0.247926336415247 -0.27104213104906
-0.245135537745265 -0.262271676319389
-0.242101160779535 -0.25370100665529
-0.238827312161826 -0.24534816199294
-0.235318509571345 -0.237230501460186
-0.231579704940289 -0.229364680940298
-0.227616306954963 -0.221766632457301
-0.223434202502266 -0.214451545599491
-0.219039776736221 -0.207433851193626
-0.214439931456706 -0.200727207429125
-0.209642101514359 -0.194344488609673
-0.204654268981206 -0.188297776679714
-0.199484974856154 -0.182598355635437
-0.194143328106507 -0.177256708885789
-0.188639011881084 -0.172282519579592
-0.182982286766018 -0.167684673861332
-0.177183990990008 -0.163471266962427
-0.171255537520651 -0.159649611978056
-0.165208908026516 -0.156226251123741
-0.159056643709706 -0.153206969212044
-0.152811833040066 -0.150596809040076
-0.146488096444167 -0.148400088333008
-0.14009956801894 -0.146620417850055
-0.133660874351223 -0.145260720226978
-0.127187110530135 -0.144323249104259
-0.120693813439182 -0.143809608072995
-0.114196932409491 -0.143720768961323
-0.107712797305037 -0.144057088982789
-0.101258084095785 -0.144818326274062
-0.0948497779558556 -0.146003653363035
-0.0885051339024195 -0.147611668128508
-0.0822416349676453 -0.149640401839263
-0.0760769478719508 -0.15208732389322
-0.0700288761434011 -0.154949342915605
-0.0641153106060505 -0.158222803918764
-0.0583541771413247 -0.161903481275503
-0.0527633816118389 -0.165986567311914
-0.0473607518280241 -0.170466656385448
-0.0421639764357972 -0.175337724379268
-0.0371905406095302 -0.18059310361534
-0.0324576584499921 -0.186225453266443
-0.0279822020129333 -0.192226725431912
-0.0237806269318772 -0.198588127134313
-0.0198688946490266 -0.205300078593602
-0.0162623913322023 -0.21235216824333
-0.0129758436337526 -0.21973310506867
-0.0100232315396174 -0.227430668968801
-0.00741769866312804 -0.235431659975117
-0.00517146045790493 -0.243721847290527
-0.00329571095617717 -0.252285919251207
-0.00180052878078987 -0.26110743544792
-0.000694783328811348 -0.270168782375161
1.39578225820404e-05 -0.279451134098204
0.00031951908490491 -0.28893441953517
0.000217203253202419 -0.2985972980367
-0.000296127354423137 -0.308417145002605
-0.00122197660672328 -0.318370049295504
-0.0025601487976443 -0.328430824188099
-0.0043086931412506 -0.338573033505974
-0.00646386025663643 -0.34876903449486
-0.00902007233083031 -0.358990038745512
-0.0119699085448743 -0.369206192246484
-0.0153041071838778 -0.379386675305632
-0.0190115856238779 -0.38949982268703
-0.0230794790969856 -0.399513263857424
-0.0274931987859108 -0.409394082736189
-0.0322365093968519 -0.419108995808228
-0.0372916259167366 -0.428624546909012
-0.0426393287915931 -0.437907316445692
-0.0482590962844106 -0.446924142300933
-0.0541292523027458 -0.455642349201386
-0.0602271275487144 -0.464029982943921
-0.0665292314572112 -0.472056045581794
-0.0730114320711318 -0.479690727497381
-0.0796491407703602 -0.486905632241569
-0.0864174986372072 -0.493673990108416
-0.0932915612111299 -0.499970856637379
-0.100246478462194 -0.505773292586777
-0.107257666991706 -0.511060522386913
-0.11430097174065 -0.51581406863929
-0.121352814838103 -0.520017860854625
-0.128390329635346 -0.523658317289445
-0.135391478426841 -0.526724399419117
-0.142335152835998 -0.529207639247374
-0.149201256321035 -0.531102140271314
-0.155970768715214 -0.532404553475652
-0.16262579314005 -0.533114030203202
-0.169149586006452 -0.533232154128206
-0.175526571137869 -0.532762854839479
-0.181742339305663 -0.531712305720345
-0.187783634658127 -0.53008880889635
-0.193638329652199 -0.527902670016923
-0.199295390164576 -0.525166065555032
-0.204744832473151 -0.521892905161932
-0.209977673767352 -0.518098691415534
-0.214985877775504 -0.513800379065407
-0.219762296997345 -0.50901623561742
-0.224300612907885 -0.503765704828671
-0.228595275363161 -0.498069274409511
-0.232641442295244 -0.491948348962374
-0.236434920639095 -0.485425128934124
-0.239972109291953 -0.478522496124575
-0.243249944770692 -0.471263906082682
-0.246265850106397 -0.46367328753558
-0.249017687399775 -0.455774948834693
-0.251503714357487 -0.447593491268615
-0.253722545037462 -0.439153728982038
-0.255673114951217 -0.430480615153653
-0.257354650602076 -0.421599174021055
-0.258766643479268 -0.412534438295719
-0.259908828477982 -0.403311391483792
-0.260781166673442 -0.393954914616913
-0.261383832341801 -0.384489736899224
-0.261717204090572 -0.374940389790647
-0.261781859936149 -0.365331164070328
-0.261578576143612 -0.355686069456326
-0.261108329624533 -0.346028796396737
-0.260372303670753 -0.336382679692023
-0.25937189678553 -0.326770663657148
-0.25810873435776 -0.317215268583849
-0.256584682909843 -0.307738558317022
-0.254801866635342 -0.298362108813618
