7.6
15.8
23.4
-15
7.6
12
9*cos(6*t) + 18,  -12*sin(6*t) + 18, 0.0, 0.523598775598
9*cos(6*t) + 18,  -10*sin(6*t) + 18, 0.523598775598, 1.0471975512
9*cos(6*t) + 18,  -7*sin(6*t) + 18, 1.0471975512, 1.57079632679
9*cos(6*t) + 18,  3*sin(6*t) + 18, 1.57079632679, 2.09439510239
4*cos(3*t) + 23,  6*sin(3*t) +18, 2.09439510239, 2.61799387799
-2*sin(12*t) + 23,  3*cos(12*t) + 21, 2.61799387799, 3.14159265359
4*sin(3*t) + 23,  -6*cos(3*t) + 18, 3.14159265359, 3.66519142919
-cos(6*t) + 18,  1.5*sin(6*t) + 18, 3.66519142919, 4.18879020479
4*cos(3*t) + 13,  6*sin(3*t) + 18, 4.18879020479, 4.71238898038
-2*sin(12*t) + 13,  3*cos(12*t) + 21, 4.71238898038, 5.23598775598
4*sin(3*t) + 13,  -6*cos(3*t) + 18, 5.23598775598, 5.75958653158
9*cos(6*t) + 18,  -10*sin(6*t) + 18, 5.75958653158, 6.28318530718
-0.508353128711355 -0.155115370878027
-0.532165570880569 -0.372910809175752
-0.551292129758762 -0.589845211726779
-0.561583078530342 -0.796477127619647
-0.555585949439644 -0.981320359721461
-0.522039490098364 -1.12676227978449
-0.444504323807876 -1.20294335693255
-0.303574278622073 -1.1645016076824
-0.100036418412937 -0.977462314529241
0.107264333031749 -0.685126662996756
0.241522197508896 -0.385068356249822
0.277852013245285 -0.158225876412174
0.244673596080818 0.00949095394512422
0.165341439828327 0.137588890002657
0.0574693693226275 0.230951216289652
-0.0642037687745576 0.290980997335417
-0.186495831510845 0.314689752358221
-0.297033731697669 0.295599892871326
-0.385972302382334 0.227878479695315
-0.449588438703385 0.112794098575204
-0.490751026587709 -0.0395880028585337
-0.511923266935233 -0.198025353900206
-0.506783188483429 -0.336662533688052
-0.480707348658988 -0.480822827201743
-0.435948739107945 -0.617789191807362
-0.372412796433941 -0.733060093126304
-0.287536544282738 -0.808770813188376
-0.177911910579931 -0.823979204057413
-0.0454719031529825 -0.76229752766778
0.092468643801005 -0.629249927146335
0.204307991126656 -0.459610119776993
0.264613614848439 -0.294460353032587
0.229786993311942 -0.367929993806686
0.155949520802994 -0.447006353420474
0.0549407328671199 -0.511728205886407
-0.0578532654468069 -0.543749759093259
-0.169804361677305 -0.535303046267615
-0.273262775768032 -0.490006931187472
-0.363602195192537 -0.418161648593984
-0.436595603430828 -0.33262606536345
-0.486973517215189 -0.246990394939866
-0.508545372598058 -0.174448114586655
-0.50361193462212 -0.119765059290461
-0.494720415558145 -0.0690713387734987
-0.483573121183356 -0.0222045976095507
-0.47000487729508 0.0196935391384849
-0.453857723650621 0.0555471711944304
-0.435035082249154 0.0844125975260953
-0.413559327043869 0.105548630265241
-0.389619651342204 0.118472688638581
-0.363597570720206 0.122985385130186
-0.336063917805213 0.11915595093567
-0.298237228354965 0.0996306211472865
-0.248494913269774 0.0244114399751682
-0.227608712828921 -0.085051992004045
-0.24585463320456 -0.192163832087784
-0.29268392140239 -0.257776156376862
-0.345197529072856 -0.256225414878222
-0.384787906213051 -0.188791720376675
-0.403487994849627 -0.080648780631421
-0.398622558757647 0.030166421216978
-0.368409412905646 0.103501073357071
-0.31722447717453 0.112104700582631
-0.288858376273918 0.0950976357515549
-0.26117175410301 0.0708424354006905
-0.235109247365494 0.0399211739697177
-0.211618486409603 0.00294824026544169
-0.191615665424529 -0.0394388486938039
-0.175951937046444 -0.0865686145825008
-0.165376313717704 -0.137708867483305
-0.160492019314176 -0.192029269653538
-0.161705990460142 -0.24855999152461
-0.169175279243803 -0.306155656880089
-0.176500724194709 -0.344657106031371
-0.178720071793565 -0.372833364993375
-0.177114597318845 -0.397823662346802
-0.171608564863452 -0.41725521263105
-0.162436549532693 -0.429172265622527
-0.150218980389388 -0.432272562780885
-0.135993212920485 -0.426111136650993
-0.12115926153613 -0.411216350081589
-0.107320678918256 -0.389065968799391
-0.0960422959707896 -0.361906092922209
-0.0860068753176498 -0.322632157915392
-0.0713497615528631 -0.264639684961614
-0.0553819578978949 -0.209134574851175
-0.0381218418698345 -0.157049029444701
-0.0195448132113839 -0.109261241933372
0.000389817979248031 -0.0665834592074345
0.0217084523275509 -0.0297452635834737
0.0443915143756321 0.000625287894123277
0.0683433677592496 0.0240189433698762
0.0933669874609358 0.0400568751836316
0.11914605336144 0.0484933242204487
0.169076811329818 0.0250634989924214
0.200064524779011 -0.0564440263527346
0.193563097701663 -0.17269024141139
0.148958007655284 -0.283342446158243
0.0894382368209685 -0.341476243203367
0.043478759448854 -0.322052581792285
0.0240009716406638 -0.237312531720456
0.0300948273465433 -0.122784282663169
0.057624794647843 -0.0186250498346767
0.102040202818377 0.041803752616326
0.136537560641245 0.0498304049639018
0.16252398376661 0.0453844001195884
0.187798217967221 0.0332449300771511
0.211592891147536 0.0135283388062661
0.233045114950901 -0.0136013435731098
0.251218545734203 -0.0479452321604317
0.265132311220925 -0.0892684741219432
0.273800621605859 -0.137280114798734
0.276288587029576 -0.191589428116359
0.271790208731577 -0.251635788121283
0.275238651954678 -0.223861887478586
0.261821812261689 -0.0417190607871655
0.19575887152195 0.0989370760021683
0.0956414365499229 0.203514894369125
-0.0229429789258743 0.274769048518537
-0.146448593224614 0.311178047692926
-0.26219342946146 0.307164730116833
-0.359113045455392 0.255980661621998
-0.43111933475243 0.155935986442696
-0.47919479523809 0.0145103838271582
-0.508353128711355 -0.155115370878027
