7.6
15.8
23.4
-15
7.6
2
18 + 8*cos(t), 20, 0.0, 3.141592
18 + 8*cos(t), 20, 3.141592, 6.28318530717958
-0.452672849151586 -0.0660722520736338
-0.452200195847106 -0.0663789375176762
-0.450784400971977 -0.0672958414053311
-0.448431916975759 -0.0688135704786779
-0.445153357969543 -0.0709166797126521
-0.44096329742459 -0.0735839770901137
-0.435879999550005 -0.0767889296531055
-0.429925097388755 -0.0805001524522545
-0.423123232410835 -0.0846819596347684
-0.415501671003832 -0.0892949561402922
-0.407089912842581 -0.0942966491970591
-0.397919304833957 -0.0996420607723281
-0.388022672414601 -0.105284324987601
-0.377433977681858 -0.111175257888831
-0.366188011401814 -0.117265890512921
-0.354320123563961 -0.123506959619307
-0.341865994989448 -0.129849353538809
-0.328861450643767 -0.136244513190793
-0.315342313798595 -0.142644790365989
-0.301344299035374 -0.14900376685693
-0.286902941257558 -0.155276538974438
-0.272053557334924 -0.161419972476831
-0.256831236687544 -0.167392933031282
-0.241270856973553 -0.173156497099728
-0.225407121022587 -0.178674147665515
-0.209274611210436 -0.183911958555076
-0.192907857565346 -0.188838770314148
-0.176341416004795 -0.193426359714962
-0.159609953206803 -0.19764960403539
-0.142748334711851 -0.201486640293993
-0.125791712928334 -0.204919018673051
-0.108775611780169 -0.207931848440109
-0.0917360047983503 -0.210513933812782
-0.0747093835321675 -0.212657896427513
-0.0577328132551716 -0.214360280398563
-0.0408439730824704 -0.215621635417557
-0.0240811778156414 -0.216446572975506
-0.00748337910305985 -0.216843790616009
0.00890985614208283 -0.21682605917424
0.0250583916814706 -0.216410168239289
0.0409215933348722 -0.215616825606325
0.0564584262839636 -0.214470507257973
0.0716275781023274 -0.212999255416067
0.0863876066051794 -0.211234423406782
0.100697110890658 -0.209210367441482
0.114514923245755 -0.206964086878046
0.127800318951441 -0.204534816029178
0.140513240477281 -0.201963572056628
0.152614532137386 -0.199292664864165
0.164066181010464 -0.196565176113427
0.174831559820962 -0.193824415480879
0.184875667539425 -0.191113363010483
0.194165363678456 -0.188474106871356
0.20266959261696 -0.185947285996574
0.210359594749405 -0.183571546969783
0.217209101792471 -0.18138302416687
0.223194514149005 -0.179414851588917
0.228295058788148 -0.177696714085706
0.232492926615116 -0.176254444814247
0.235773388743917 -0.17510967485045
0.238124891431232 -0.174279539914207
0.239539129668239 -0.173776448210262
0.240011099560949 -0.173607912449772
0.239539129668239 -0.173776448210262
0.238124891431232 -0.174279539914207
0.235773388743917 -0.17510967485045
0.232492926615116 -0.176254444814247
0.228295058788148 -0.177696714085706
0.223194514149005 -0.179414851588917
0.217209101792471 -0.18138302416687
0.210359594749405 -0.183571546969783
0.20266959261696 -0.185947285996574
0.194165363678456 -0.188474106871356
0.184875667539425 -0.191113363010483
0.174831559820962 -0.193824415480879
0.164066181010464 -0.196565176113427
0.152614532137386 -0.199292664864165
0.140513240477281 -0.201963572056628
0.127800318951441 -0.204534816029178
0.114514923245755 -0.206964086878046
0.100697110890658 -0.209210367441482
0.0863876066051794 -0.211234423406782
0.0716275781023274 -0.212999255416067
0.0564584262839679 -0.214470507257972
0.0409215933348722 -0.215616825606325
0.0250583916814706 -0.216410168239289
0.00890985614208283 -0.21682605917424
-0.00748337910305985 -0.216843790616009
-0.0240811778156414 -0.216446572975506
-0.0408439730824704 -0.215621635417557
-0.0577328132551716 -0.214360280398563
-0.0747093835321675 -0.212657896427513
-0.0917360047983503 -0.210513933812782
-0.108775611780169 -0.207931848440109
-0.125791712928334 -0.204919018673051
-0.142748334711851 -0.201486640293993
-0.159609953206803 -0.19764960403539
-0.176341416004795 -0.193426359714962
-0.192907857565346 -0.188838770314148
-0.209274611210436 -0.183911958555076
-0.225407121022587 -0.178674147665515
-0.241270856973553 -0.173156497099728
-0.256831236687544 -0.167392933031282
-0.272053557334928 -0.161419972476829
-0.286902941257558 -0.155276538974438
-0.301344299035374 -0.14900376685693
-0.315342313798595 -0.142644790365989
-0.328861450643767 -0.136244513190793
-0.341865994989448 -0.129849353538809
-0.354320123563961 -0.123506959619307
-0.366188011401814 -0.117265890512921
-0.377433977681858 -0.111175257888831
-0.388022672414601 -0.105284324987601
-0.397919304833957 -0.0996420607723281
-0.407089912842581 -0.0942966491970591
-0.415501671003832 -0.0892949561402922
-0.423123232410835 -0.0846819596347684
-0.429925097388755 -0.0805001524522545
-0.435879999550005 -0.0767889296531055
-0.44096329742459 -0.0735839770901137
-0.445153357969543 -0.0709166797126521
-0.448431916975759 -0.0688135704786779
-0.450784400971977 -0.0672958414053311
-0.452200195847106 -0.0663789375176762
-0.452672849151586 -0.0660722520736338
