7.6
15.8
23.4
-15
7.6
1
1.4*cos(t) - 2.4*cos(7*t) + 18, 1.4*sin(t) - 2.4*sin(7*t) + 18, 0, 6.28318530717958
-0.0905891193571505 -0.342347644456438
-0.115299910595272 -0.402374359641606
-0.155139270455515 -0.445228186880602
-0.199831274093754 -0.459107244890513
-0.239523663953791 -0.439974163972211
-0.267452796876651 -0.392332436541484
-0.280044481486347 -0.326519601708042
-0.275915798798138 -0.255253635238758
-0.255294776241612 -0.190947577171187
-0.220258034657961 -0.143785165904298
-0.175312628948916 -0.120419548997046
-0.127527873608345 -0.123512225615928
-0.0857185191844525 -0.152040283154318
-0.0587002645148694 -0.201641899284373
-0.0528673541247314 -0.26436508721379
-0.06962843003606 -0.328328197536756
-0.104089220099885 -0.379060421644705
-0.146622595971342 -0.403702711516843
-0.18681319646402 -0.396027632920834
-0.216785444496201 -0.358426494333558
-0.23201007525209 -0.299984620919019
-0.230508508735934 -0.233032257661898
-0.212126517126717 -0.170182268480956
-0.178577784345362 -0.122205040307178
-0.133957690947804 -0.09660239289055
-0.0849774858880972 -0.097020937207606
-0.0403531560386723 -0.12347891272157
-0.00926887274267339 -0.172737937202966
0.000933189369209395 -0.238055017764066
-0.0125124717649162 -0.308521174428238
-0.0458477680554824 -0.369665711648779
-0.0896162210824616 -0.407153744539633
-0.132572979000023 -0.412395875068914
-0.165767506704772 -0.385780258691855
-0.184013270752398 -0.33538451901369
-0.185182352574472 -0.273331226886521
-0.169234109675086 -0.212449043517487
-0.137983090981625 -0.163998424623389
-0.0954577747905771 -0.13626570832066
-0.0481755517401782 -0.13395383337734
-0.00473932651074049 -0.158278093702098
0.0254684315790456 -0.207193432778185
0.0345086837856752 -0.27499386607613
0.0188292330816854 -0.351315432038011
-0.0182437572863387 -0.421203143273756
-0.0668534728122161 -0.468638593871835
-0.114760297509427 -0.482944430373173
-0.152200146992619 -0.463131252641285
-0.173789267783662 -0.416910987355876
-0.177678788270892 -0.356620691174617
-0.164258852210526 -0.295464129891954
-0.135681260010283 -0.245133557792546
-0.0961035422338576 -0.214478577739827
-0.0519922226417445 -0.208929138322638
-0.0118622595304285 -0.230495194410732
0.014879443713836 -0.27783588284213
0.0201259272419474 -0.34569287841947
0.00016971235284078 -0.423684007656912
-0.0415316501732237 -0.49618346960147
-0.0946158282361132 -0.54601459254665
-0.146301115638744 -0.561493355684961
-0.186657176933323 -0.541278686628617
-0.210528632906079 -0.493264480739012
-0.216433910548832 -0.43011937890274
-0.2050533454337 -0.365327767563135
-0.178658364135726 -0.310815549395939
-0.14134853904964 -0.27566839313685
-0.0994066791625592 -0.265541262391933
-0.0611171160424072 -0.282584651691157
-0.0356729478422196 -0.325457217657644
-0.0310273266674363 -0.388786304583871
-0.0508598400371431 -0.462085261195057
-0.0919112383982992 -0.529786766388288
-0.144260694179505 -0.5749456674139
-0.195621151566845 -0.586061701654633
-0.236359005894267 -0.561725364099494
-0.261342332164387 -0.509569968835849
-0.26890767181143 -0.442014163664812
-0.259412998643657 -0.372440314871331
-0.234699420959419 -0.312831325668633
-0.198374608573379 -0.272388991496728
-0.156242817159628 -0.256792428950264
-0.116191040883956 -0.268039356611867
-0.0871512091063053 -0.304545787045723
-0.0770734097408742 -0.360880390094739
-0.090140119208358 -0.427026239762777
-0.124277042062348 -0.488489941737858
-0.171092536529116 -0.529414045066641
-0.219344518480434 -0.538483197639528
-0.259475276573533 -0.513395027563225
-0.285733058940262 -0.460534751842606
-0.295615789061276 -0.391431163334395
-0.28864077006102 -0.31915967638775
-0.265824298781168 -0.255864198973262
-0.229985987361418 -0.211114512157058
-0.18627371690814 -0.190884204685383
-0.142157345182022 -0.197261634331964
-0.106474273272239 -0.228694816782631
-0.0875410223351314 -0.280083082028798
-0.0905891193571505 -0.342347644456438
