7.6
15.8
23.4
-15
7.6
4
25, 13 + 12*sin(t), 0.0, 1.57079632679489
25 + 12*cos(t), 25, 1.57079632679489, 3.14159265358979
13, 12*sin(t) + 25, 3.14159265358979, 4.712388980384689
13 + 12*cos(t), 13, 4.712388980384689, 6.28318530717958
4.5966582800749 1.45939323925749
4.62247813409065 1.46334164347748
4.64825155751743 1.46629529843913
4.67392335325807 1.46825538011753
4.69944004898145 1.46923181928681
-1.55843559028743 1.46924290001855
-1.53338357022683 1.46831483719075
-1.50863879428808 1.46648135227173
-1.48425015678704 1.46378326374923
-1.46026620042338 1.46026810514702
-1.43673548598141 1.45598977972865
-1.41370697218606 1.45100825679605
-1.39123039615878 1.44538930996204
-1.36935664411541 1.43920429287583
-1.34813810057199 1.43252994254587
-1.3276289622922 1.425448194567
-1.30788550049389 1.41804598819257
-1.28896625149486 1.41041503236592
-1.27093211221481 1.40265149678219
-1.25384631314862 1.39485558530166
-1.23777423822485 1.38713094345215
-1.22278305930146 1.37958384865626
-1.20894115417323 1.37232213297043
-1.19631728234174 1.36545379563791
-1.18497950390109 1.35908527877181
-1.17499384480689 1.35331940557797
-1.16642273665556 1.34825301690882
-0.421347095098054 0.216947882488828
-0.422601390179553 0.224685231759808
-0.423531652117722 0.230255896415308
-0.424103826109618 0.233616276347465
-0.424296915960849 0.234739439729756
-0.392874605303877 0.215771087767168
-0.362464951843184 0.198800572141266
-0.332980316526138 0.183644814981244
-0.304360845673795 0.170154989782532
-0.276567295161348 0.158205773237261
-0.249576154037228 0.147688052111773
-0.223376208395206 0.138503836654249
-0.197966035662383 0.130562644762142
-0.17335211476149 0.123778906547946
-0.149547351810581 0.118070104404401
-0.126569890531102 0.113355462770405
-0.104442120396372 0.109555062641219
-0.0831898241533673 0.106589293858711
-0.0628414255509545 0.104378582154971
-0.0434273113088624 0.102843343023707
-0.0249792105884279 0.101904123970625
-0.00752962171069256 0.101481902595308
0.00888871961853277 0.101498511630734
0.0242433332722761 0.101877164419238
0.0385024496304597 0.102543055950428
0.0516354261977308 0.103424015938223
0.0636131252494416 0.10445119173291
0.0744082519425435 0.105559740299668
0.0839956527514472 0.106689510112578
0.0923525746915369 0.107785695616697
0.0994588864453922 0.108799448862813
0.105297263099582 0.109688434959589
0.109853336647174 0.110417320048188
0.113115814653518 0.110958182522647
0.115076569490101 0.111290840147716
0.115730700309793 0.111403087537408
0.118125253306341 0.0731841117747389
0.119528931126218 0.0350034162090839
0.119942247919696 -0.0031023561924229
0.119371447498023 -0.0410913395895584
0.117829146857056 -0.0789159906479381
0.115334967151655 -0.11652266179993
0.111916132092821 -0.153851220607961
0.107608010527539 -0.190834735742055
0.102454577185807 -0.227399251827168
0.0965087635498022 -0.263463676331862
0.0898326698510943 -0.298939801468867
0.0824976096627617 -0.333732482497304
0.0745839607096164 -0.367739990655359
0.0661807995665351 -0.400854554119324
0.0573853039099299 -0.432963093937801
0.0483019138113446 -0.463948154065586
0.0390412528939735 -0.493689015851621
0.029718820491062 -0.522062978225833
0.0204534765588568 -0.548946776117055
0.0113657512093983 -0.574218102105857
0.0025760195275872 -0.597757190709015
-0.00579741090130398 -0.619448421584486
-0.013640248137257 -0.63918189765871
-0.0208441467342692 -0.656854956710837
-0.0273085697613524 -0.67237357995986
-0.0329425343517532 -0.685653668044149
-0.0376661988836886 -0.696622162598027
-0.0414122567707451 -0.705217999466733
-0.0441271090836057 -0.711392886563626
-0.0457717951722941 -0.715111904756953
-0.0463226666357522 -0.716353933563258
-0.0710790336250317 -0.713505522870667
-0.0953328671202486 -0.709563862243447
-0.119073307712851 -0.704615593964375
-0.142289674162049 -0.698749273316857
-0.164970846128646 -0.692054485907786
-0.187104773602154 -0.684621176162117
-0.208678097161609 -0.676539151605011
-0.229675864110614 -0.667897729026288
-0.250081327207297 -0.658785491092702
-0.269875814801377 -0.649290124885868
-0.289038663425918 -0.639498316832617
-0.307547206084945 -0.62949568134445
-0.325376811501805 -0.619366703093187
-0.342500971358808 -0.609194675205695
-0.358891434000427 -0.59906161780865
-0.374518384138135 -0.589048163383297
-0.389350668737847 -0.579233397415635
-0.403356069448657 -0.569694644976884
-0.416501621607818 -0.560507196267335
-0.428753979008248 -0.551743966910468
-0.440079822239614 -0.54347509196393
-0.450446306544238 -0.535767456235623
-0.4598215428418 -0.528684167499974
-0.468175103004244 -0.522283983458392
-0.475478537795133 -0.516620707544002
-0.481705893370259 -0.511742572614761
-0.486834210151154 -0.507691634830564
-0.49084398652229 -0.504503202168887
-0.493719589429686 -0.502205322735416
-0.495449594766472 -0.500818357004681
-0.496027042499912 -0.500354655272297