7.6
15.8
23.4
-15
7.6
2
10, 13 + 12*sin(t), 0.0, 3.1415926
18 + 8*cos(t), 25, 3.1415926, 6.28318530717958
0.0841334301893476 -0.711524735319625
0.103523245834441 -0.666554006703225
0.121367433698501 -0.622853531673314
0.137717842019524 -0.58042595513262
0.1526320045723 -0.539268293112949
0.166171750921672 -0.499373363696547
0.178402015438554 -0.460731027102843
0.189389830478361 -0.423329245479952
0.199203486162434 -0.387154976413654
0.207911837858906 -0.352194915892048
0.215583742279049 -0.318436106912822
0.222287603719702 -0.285866429480705
0.228091013102903 -0.254474986725524
0.233060463873062 -0.224252400512967
0.23726113035334 -0.195191028398217
0.240756695729022 -0.167285112214144
0.243609218347878 -0.140530867080626
0.24587902646636 -0.114926518230551
0.247624632908078 -0.0904722918104606
0.248902662334491 -0.0671703647558413
0.249767784964477 -0.0450247779757503
0.250272651632646 -0.0240413164173859
0.250467826062168 -0.00422735911875717
0.250401711162648 0.0144082979059626
0.250120467061603 0.0318556431772995
0.24966791944959 0.0481036727832687
0.249085457669254 0.0631406318002601
0.248411922805889 0.0769542705795018
0.247683486833184 0.0895321118938028
0.246933524616984 0.100861724405064
0.24619248125996 0.110930997377078
0.245487737854094 0.119728411075166
0.244843479165983 0.127243296919956
0.244280567082681 0.133466081252217
0.243816423767529 0.138388506565453
0.243464928397936 0.142003824308547
0.243236331072905 0.144306953870689
0.243137186993216 0.145294603133374
0.243170313351691 0.14496534698728
0.243334770559641 0.143319661420028
0.243625868524763 0.140359912124165
0.244035197740837 0.136090297977253
0.244550684009402 0.1305167511287
0.245156664746064 0.123646796712505
0.245833984080545 0.115489376322289
0.246560103380963 0.106054640282067
0.247309223446648 0.0953537143888973
0.248052414433144 0.0833984471802386
0.248757749596829 0.0702011438981003
0.249390439161633 0.055774293211409
0.249912960994287 0.0401302924593439
0.250285185299341 0.0232811767426562
0.250464491180867 0.00523835667371737
0.2504058736355 -0.0139876309459437
0.250062040316431 -0.0343873557658252
0.249383498221241 -0.0559527065303982
0.248318631295788 -0.0786770807407764
0.246813770807021 -0.102555548532369
0.244813261221316 -0.127584987983689
0.242259525239771 -0.153764188904479
0.239093132600258 -0.181093921788856
0.235252878273509 -0.209576968056095
0.230675876773573 -0.239218106936509
0.225297680486704 -0.270024053396978
0.219052431207934 -0.302003340350269
0.211873055463909 -0.335166137074519
0.203691515684603 -0.369523994314471
0.194439130837155 -0.405089504995646
0.184046981699652 -0.441875867928605
0.172446417444106 -0.479896340421922
0.159569681485891 -0.519163564508935
0.145350675455828 -0.55968875073122
0.129725880409167 -0.601480703382799
0.11263545367468 -0.64454467215259
0.0940245176569305 -0.688881017637989
0.243057491058467 0.145308543221695
0.242453297570691 0.145091160977923
0.241245995853615 0.144658396434769
0.239437754653611 0.14401423466208
0.237031822600964 0.143164616301255
0.234032522650286 0.142117393446231
0.23044524439051 0.14088227121876
0.226276434006656 0.139470735391962
0.221533581645147 0.137895966516832
0.216225205918355 0.136172741113375
0.210360835284297 0.134317320601213
0.20395098605429 0.132347328762644
0.197007136815602 0.130281618652551
0.189541699106735 0.128140129991666
0.181567984248546 0.125943738199269
0.173100166313307 0.123714096334873
0.164153241302729 0.121473471321513
0.154742982702262 0.119244575911887
0.144885893678602 0.117050397928338
0.134599156286776 0.114914028354819
0.123900578148441 0.112858489879962
0.112808537150332 0.110906567482596
0.101341924788053 0.109080642612786
0.0895200888422916 0.107402532451985
0.0773627761203023 0.105893335635749
0.0648900760230256 0.104573285693235
0.0521223657073584 0.103461613302305
0.0390802576034651 0.102576418281171
0.0257845500194307 0.101934552041938
0.0122561815220319 0.101551511023355
-0.00148381027599823 0.101441341405437
-0.015414324961342 0.101616555193122
-0.0295142301164934 0.102088057545778
-0.0437623862705112 0.102865085029569
-0.058137665696234 0.103955154285571
-0.0726189648356452 0.1053640204425
-0.0871852102234657 0.107095644462726
-0.101815357864858 0.109152168496942
-0.116488386104689 0.111533898238797
-0.131183282103542 0.11423929121773
-0.145879022109159 0.11726494994754
-0.160554545782742 0.12060561886085
-0.17518872490924 0.124254184006668
-0.18976032689176 0.128201674570643
-0.204247973506037 0.132437265396927
-0.218630095475208 0.136948279848608
-0.232884883522716 0.141720192543103
-0.246990236676599 0.146736631742823
-0.260923708738036 0.151979381474046
-0.274662453995137 0.157428383792239
-0.288183173466449 0.163061742015005
-0.301462063200794 0.16885572620789
-0.314474766445482 0.174784782736142
-0.327196331823512 0.180821550286352
-0.339601180030358 0.186936885410369
-0.351663081963549 0.193099901337056
-0.36335515161892 0.199278024512493
-0.37464985750082 0.205437074029226
-0.385519056663646 0.211541369736818
-0.395934055778577 0.217553875315695
-0.405865703737498 0.223436382849286
-0.415284520187437 0.22914974533064
-0.424160863944798 0.234654162958992
-0.432465144377981 0.239909527884712
-0.440168077487721 0.244875830127097
-0.447240986502769 0.249513624637663
-0.453656144337399 0.253784555901008
-0.459387152292077 0.257651932149825
-0.464409346075351 0.261081336447288
-0.468700216838928 0.264041256932738
-0.472239831798995 0.266503713947164
-0.475011236576025 0.268444858157413
-0.47700082004443 0.269845511800967
-0.478198622597676 0.270691625300392
-0.478598570518203 0.270974624063598
