4.1
16.2
24.0
-4.0
15.0
1
image from TulipTest.jpg
-0.129483496791441 0.128090966606438
-0.12336273578736 0.113310460631362
-0.114613366272341 0.102690174345192
-0.103836797646274 0.0973151077780235
-0.0914260042774508 0.0946084625716759
-0.0857375986716285 0.0811834672936903
-0.0772776580281732 0.0711141493132342
-0.066639495800912 0.0654580219465146
-0.0550842497598484 0.0662223745215823
-0.0433857356505551 0.0635598865985759
-0.0350869891655082 0.0540414623101217
-0.025691052463047 0.0463931170201133
-0.0135010294499518 0.0460388729550697
-0.004767178173632 0.0386983451505356
-0.000807178698121178 0.0242432316300447
0.00902334264719194 0.0179878836539604
0.0188196781295014 0.0127774936081832
0.0303701077123013 0.0150024603592563
0.0400326411411601 0.0218211980884499
0.0491785471269758 0.0215233412859277
0.0566011397834176 0.0121816664223798
0.0633601209963982 0.00105603209679139
0.0725047742607319 -0.00524011833878511
0.08472349389531 -0.00381851994844622
0.0957305723599843 0.00216063782565971
0.105512999405289 0.00542039188298976
0.111640696862375 -0.00441952684317661
0.105423225969658 -0.0171436608500363
0.0997144938863689 -0.0297387232905266
0.0950774853250167 -0.0439460127644947
0.0896915151380585 -0.0582303891476277
0.0842152313700661 -0.0715907326880611
0.0757035643705556 -0.0825521694579549
0.069404080890353 -0.0959094717379544
0.0613467479038854 -0.106666109792272
0.0532218797789734 -0.117343851817013
0.0456439988030413 -0.127899531767547
0.0384412062665772 -0.140183872297622
0.030014606329299 -0.151555521760934
0.0221242312426052 -0.162822803399713
0.0109223005646841 -0.170417943681946
0.00241853937659763 -0.1805797523087
-0.00750140259491146 -0.186963681793425
-0.0175498381657899 -0.194122542766864
-0.0255649457465166 -0.203982967231849
-0.0366136748110307 -0.208992391333799
-0.045507626940588 -0.215820730318043
-0.0568904331879087 -0.218631651525854
-0.0673267547338573 -0.223194699320688
-0.0760627113623077 -0.232427842255534
-0.0824466334587306 -0.245582605340421
-0.0895389283331902 -0.258621957778922
-0.0952847780944544 -0.273700986077132
-0.100586296499537 -0.288862444598782
-0.106632707029715 -0.303926444563859
-0.113223621821244 -0.317959784339944
-0.118966618143707 -0.333103148353949
-0.1269484931579 -0.343996822269817
-0.132216377783659 -0.361183215918392
-0.138738732986152 -0.375252801109238
-0.145626311653842 -0.390223667869929
-0.152409978321143 -0.404255829274785
-0.158362957489413 -0.421475404640559
-0.165428897077404 -0.435486257722196
-0.173779932907314 -0.447142339852189
-0.180213020095565 -0.464359148596944
-0.187111935859277 -0.480495597898288
-0.193923336986679 -0.497744801919291
-0.201659807938069 -0.511659002029175
-0.208589752315747 -0.530045522960707
-0.21540859362235 -0.547535264896124
-0.223579558232871 -0.561409836429403
-0.230566633301899 -0.580077997418914
-0.237786328135496 -0.598793923955977
-0.245239070783649 -0.617557193376596
-0.252925186779288 -0.636367152514028
-0.260844888659844 -0.65522291066111
-0.2697263850107 -0.671449728045786
-0.278073380641542 -0.69036181332395
-0.278497324020058 -0.698353400441972
-0.268200243970715 -0.68379856823878
-0.258106885784821 -0.673731208026139
-0.248275259056175 -0.661150434158854
-0.238519046639567 -0.648484315429834
-0.228168037990544 -0.637138046893104
-0.217717824178223 -0.626847937613694
-0.20822441953783 -0.61718765790946
-0.198005374004115 -0.605496437070584
-0.187664850886956 -0.594845212420432
-0.178292715133897 -0.581619037584073
-0.168214755499019 -0.57285043886373
-0.157385273491008 -0.565230337390736
-0.147838283851664 -0.550752939176056
-0.137608422181431 -0.542717580595629
-0.127381955939071 -0.53454176000942
-0.117069166420219 -0.524159936125261
-0.10736818263755 -0.513549176330691
-0.0964146058315035 -0.508203408994193
-0.0853202391969926 -0.49857932681989
-0.0740073582240684 -0.491894123346875
-0.0626714777409449 -0.485021451285466
-0.0521757347926996 -0.474842181214255
-0.0411141993976082 -0.466591219117857
-0.0300419929684246 -0.460185367309097
-0.0180474226965578 -0.452622750170823
-0.00787995452096946 -0.442833398230832
0.00193506112117456 -0.431928375438698
0.0140553396469192 -0.427801488203921
0.0255535794951232 -0.421491955061568
0.038050404502618 -0.415911374162012
0.0493530430589542 -0.410188726464329
0.0606935970181976 -0.404270970743671
0.0716037871215346 -0.395277679525266
0.0832609336886538 -0.387977235265842
0.0819591829623076 -0.393026315226178
0.0710989622685135 -0.404147949283202
0.0605569427934711 -0.416087059980226
0.0496256945239648 -0.426949283397286
0.0393267724372714 -0.439622460903335
0.0292793728947326 -0.453187986597337
0.0166822591105088 -0.458688559141799
0.00715659556303805 -0.474024045620781
-0.00511516341584777 -0.482171976127756
-0.0161513445810124 -0.490136709978604
-0.0270130684831609 -0.503078412406151
-0.0381982722022529 -0.514854519708638
-0.0477425529843819 -0.52871981988891
-0.059743871346345 -0.537035444766804
-0.0699969163011453 -0.550641351024934
-0.080979090282547 -0.560876391988949
-0.0919387832054602 -0.574188995201122
-0.102588187659069 -0.586377755229592
-0.112902558356396 -0.597440162382306
-0.123476840023438 -0.610537877841004
-0.134121560926855 -0.623537057091655
-0.144979228338572 -0.635274385502144
-0.155743729794888 -0.648055272823257
-0.166268807980999 -0.658537743872659
-0.177246190309985 -0.669899326665781
-0.187956176524802 -0.684721578230998
-0.198410463354632 -0.697249446701041
-0.209602104346822 -0.707026741093911
-0.220665744757244 -0.719095795447593
-0.230587170698266 -0.735219258485473
-0.241941408695089 -0.742093117461589
-0.252590781523826 -0.755290517815418
-0.263279560816334 -0.770918517429813
-0.274091524938682 -0.785210007729247
-0.285469057421091 -0.7978387750465
-0.29646641918705 -0.813226686973578
-0.307379743217193 -0.82202260379173
-0.318161397682067 -0.840155390551691
-0.329058928092313 -0.8569490098832
-0.340436078351406 -0.863671282774963
-0.351321146210968 -0.870555936021894
-0.361908521196431 -0.873260564597164
-0.371403011177499 -0.866838945100561
-0.379841930471612 -0.858401109454823
-0.388809568075764 -0.850813858400897
-0.391057557083848 -0.838043183160856
-0.39387915111878 -0.824960641773388
-0.389292831784364 -0.80767591346324
-0.384922381628199 -0.791769398341947
-0.37933451938102 -0.774489181786265
-0.375330910968417 -0.758738976748037
-0.370135898231783 -0.741610204963424
-0.366060443547836 -0.725109316882151
-0.363087123230302 -0.709241451538594
-0.357072188605325 -0.692109484296214
-0.352657986846225 -0.675261574417026
-0.350624371508416 -0.660499881190151
-0.347977925601115 -0.644028726097599
-0.346778162822931 -0.629078069114645
-0.343974603324459 -0.613061626584692
-0.341702038156355 -0.597982840751141
-0.33924123698547 -0.582079776051368
-0.336091338094842 -0.565662111698659
-0.334839809220837 -0.550432375700863
-0.333431038731124 -0.534381390154812
-0.335351194235904 -0.521813978032725
-0.333716635689908 -0.506154054122101
-0.332249260330121 -0.490533111630132
-0.330947985450817 -0.474948147063531
-0.329539813797684 -0.458535521212579
-0.331843489534368 -0.445272281651071
-0.329653043375504 -0.429508541379862
-0.333582039676011 -0.416549391400671
-0.332260060220008 -0.400538108822089
-0.333493729644685 -0.386219579328126
-0.33407690908958 -0.37135305946608
-0.334026170498088 -0.355938039807023
-0.33258177234591 -0.339413846849611
-0.335754147206186 -0.325378448461035
-0.336947564815518 -0.310520580331113
-0.341333985866802 -0.297855545478073
-0.341123378486959 -0.281024237585394
-0.343512998250882 -0.266673488338667
-0.345298069375048 -0.251752463594113
-0.34649562895942 -0.236260413696665
-0.350057707321887 -0.222370134876749
-0.349507857554156 -0.20604049615194
-0.353964170589954 -0.191758675524995
-0.354473903924818 -0.175895864651066
-0.356481222560134 -0.160208229707548
-0.359365813222079 -0.145004758347958
-0.35766902637995 -0.127686513849853
-0.345913805179395 -0.13373903193847
-0.337897999009058 -0.144134592262092
-0.329548825486697 -0.156442781261425
-0.322632455615228 -0.168909499144547
-0.317259497636841 -0.182445062990971
-0.3105740392189 -0.194741168512265
-0.305571684252473 -0.209003643598985
-0.300574173470329 -0.222346136741183
-0.294228271365463 -0.234434728343095
-0.290203048049848 -0.2482795851884
-0.285561815927928 -0.261482034205976
-0.280287450190421 -0.274032322855663
-0.278903059619219 -0.289645975333704
-0.276919386318432 -0.304638900862326
-0.276436041038893 -0.320009736414522
-0.272231976407864 -0.332264714278083
-0.268334770098036 -0.345375372193151
-0.269063360077783 -0.361413529547903
-0.2670128510001 -0.375812957760056
-0.267839436439972 -0.391025551829913
-0.267694404414587 -0.406748365022096
-0.264772808177347 -0.418823034398605
-0.26876924574759 -0.43693461512879
-0.268021590526036 -0.451243972165173
-0.270470722739034 -0.467273358397466
-0.273936483421881 -0.483983231334203
-0.275350098414507 -0.499711254834622
-0.276626431678305 -0.514599635912839
-0.280095522510842 -0.531711839201939
-0.285171410971839 -0.54925247120029
-0.286961452669139 -0.56430771153393
-0.29013841497647 -0.580958113084851
-0.292263209576236 -0.596138052659341
-0.294918225705753 -0.612291365925815
-0.301873305905898 -0.630754479225092
-0.304530261872335 -0.646139311720586
-0.310998646704674 -0.664090216030734
-0.315850235291338 -0.680858519461375
-0.320394700459536 -0.698001639796981
-0.327930635421828 -0.717059731482068
-0.323156925179803 -0.716470746196525
-0.317885333555153 -0.699525063063077
-0.31097371190074 -0.681403552076609
-0.303368374617729 -0.662704561117978
-0.298713871935588 -0.645956341702208
-0.292451172409405 -0.628000174588402
-0.288193641613401 -0.61138216132639
-0.280932026673643 -0.59315589202803
-0.275305588048824 -0.575353846441278
-0.273392501844415 -0.560216992611798
-0.266755332249364 -0.542121088095904
-0.260335466035782 -0.524051937982827
-0.254682640223613 -0.505775299496717
-0.248700664639676 -0.487765936832605
-0.242935282530462 -0.469782885196532
-0.241277786076794 -0.454318377905198
-0.235918129940221 -0.436408362920965
-0.230773518990016 -0.418521732401717
-0.225843623237368 -0.400657529429951
-0.22170030994799 -0.382613931615411
-0.217201631804366 -0.364795417265917
-0.212916526541622 -0.34699515344843
-0.208844670111499 -0.329211473041179
-0.209423622922941 -0.314761150654759
-0.205738930255244 -0.297023184964676
-0.205120079828875 -0.281220712151975
-0.201836662448552 -0.263511288371937
-0.198764663400817 -0.245806222372349
-0.196497420953157 -0.227926922817642
-0.193850360795652 -0.210224782791973
-0.191414793329487 -0.19251818920501
-0.189190935565368 -0.174803883058307
-0.187179105839235 -0.157078395333232
-0.185379735005247 -0.13933803840779
-0.183793378299582 -0.121578896101121
-0.178436347477566 -0.131202950244276
-0.176164457335379 -0.146374083130528
-0.173349303448321 -0.1607986490742
-0.17350002818358 -0.17814623676907
-0.172306121568632 -0.193139776817824
-0.171986149797732 -0.208871316144503
-0.171239068423039 -0.224766081213094
-0.170517670246776 -0.239782699707135
-0.172932808085335 -0.257764434188246
-0.174056505991564 -0.274294127702769
-0.172142623279879 -0.287005464940567
-0.175134934516586 -0.305064725938957
-0.17601319949298 -0.320942511349039
-0.180004008447439 -0.33890390389847
-0.184212985061386 -0.356891836650169
-0.18864075822514 -0.374908234635903
-0.193287974859659 -0.392954851300084
-0.198155291487654 -0.411033267191614
-0.203243365776742 -0.429144888105779
-0.208552848032768 -0.447290942711732
-0.214084372624864 -0.465472479699851
-0.221196083222753 -0.480140220387259
-0.227125799250656 -0.498365108154053
-0.233278532285138 -0.516626412263223
-0.239654748790313 -0.534924445087655
-0.24307398141888 -0.55142164242666
-0.238256703485062 -0.550242332048229
-0.231679722936348 -0.531843307636339
-0.224775338578935 -0.513693979059861
-0.218645701188961 -0.495367882511598
-0.211105065096028 -0.4817219720856
-0.204518465255888 -0.464730313939828
-0.19724278898606 -0.451039113111182
-0.190996915911302 -0.434049841636566
-0.182473583137713 -0.423734150446515
-0.176855881584551 -0.405648913718577
-0.169520692510104 -0.392020315810623
-0.162532957520165 -0.379264772265177
-0.15708601823534 -0.362255567234972
-0.150130573490422 -0.348543715084386
-0.143677656940779 -0.333757345747319
-0.136189511315174 -0.322053438092084
-0.130177235560921 -0.308118605239023
-0.123880204174257 -0.295186958432044
-0.118787231803293 -0.278272050094986
-0.113176564285918 -0.264291044195011
-0.107542761952743 -0.24938783800914
-0.10461805209973 -0.231286758214317
-0.101914909503426 -0.213215496071495
-0.100751234797805 -0.195891116821646
-0.0997906415577576 -0.17859364339651
-0.101835889810076 -0.164552917081989
-0.104616724606664 -0.150423921559332
-0.108135533576514 -0.136194928221011
-0.114507821523356 -0.125130159142599
-0.118269532022974 -0.110854106951898
-0.123499810637224 -0.0981246162700949
-0.125600157873217 -0.0823402416355411
-0.130469457471353 -0.0696568776363929
-0.134161356679794 -0.0553777637701426
-0.137356716343043 -0.0402881904314188
-0.140095236496633 -0.0252874918377821
-0.142981932342496 -0.00934820416917074
-0.14359379703947 0.00882083630755513
-0.149254558912781 0.0208694200399779
-0.150839755143074 0.0383657531457475
-0.151429038833039 0.056557277807525
-0.152247613937981 0.0748196943607107
-0.151990603457225 0.0919591447397811
-0.153261093218584 0.1103790970389
-0.14786360522389 0.120067593333139
-0.146095091194632 0.135140020768788
-0.139624124575922 0.138314602067769
