7.6
15.8
23.4
-15
7.6
1
image from TulipTest.jpg
-0.136502488579008 0.241267233859122
-0.120069540434961 0.221671759787991
-0.106205670109589 0.200468540710696
-0.0892616312202332 0.185465144945717
-0.0680091029317444 0.181701814800987
-0.0556137402350991 0.160617503917003
-0.040572311165239 0.14338871034535
-0.019749529248251 0.142449162231585
-0.000655565379471134 0.142157713905215
0.0140486756629914 0.126200940299153
0.0327498423107075 0.120668775442108
0.0513050080105865 0.116886233981552
0.0596456192129242 0.0928863586258639
0.07523649500233 0.0821250098832712
0.0952670892023326 0.0809642427462896
0.111207580490861 0.0932647733768988
0.127716553269327 0.0961917690126221
0.140384782100845 0.0802227680278349
0.154498896120269 0.0660690038462764
0.173778856572827 0.0670540478552381
0.192607491572748 0.0783017025622257
0.208487847327344 0.0817702713489299
0.211071472390783 0.0641056588911335
0.204348361812204 0.0386933851005864
0.194625583144716 0.0161890839125115
0.186243089462929 -0.00948636005199855
0.176631665785808 -0.0329301789943516
0.164164322085947 -0.0557259748932805
0.150722104239279 -0.0748474471002495
0.139372340811156 -0.0970010492973403
0.126118939063869 -0.118135763373995
0.111025193504187 -0.138130966369669
0.0974068067349092 -0.157628814594337
0.0804986865731944 -0.17482191376879
0.0649823846599404 -0.192753221755961
0.0448406269356047 -0.200681399251532
0.0312883323180861 -0.220292585067013
0.0116229151964085 -0.229749167928564
-0.00489746698327702 -0.239931914094914
-0.0236852424888032 -0.248378111284558
-0.0388258756106236 -0.264151648537483
-0.0500318379825632 -0.288908000110599
-0.0632869013131324 -0.30958506261187
-0.0728091824236843 -0.338359130460255
-0.0838807063809052 -0.364450922333709
-0.0953938415900719 -0.390542269602601
-0.10823537517225 -0.413789198240597
-0.120984314016795 -0.438381636691347
-0.13293153927184 -0.46454299798246
-0.145732318428064 -0.491999206994177
-0.159674588877673 -0.516454734344642
-0.172907417902013 -0.542567382094349
-0.18786333600644 -0.565321371255209
-0.201140581697372 -0.596015503669693
-0.216173011173482 -0.623333893136887
-0.231103748018493 -0.649290185030973
-0.245877997205292 -0.681736810670534
-0.261821975786167 -0.705960297932404
-0.277060585603969 -0.738862904576867
-0.2929981699613 -0.771904443599928
-0.30963178581195 -0.805072247880485
-0.326956725332033 -0.83835102815171
-0.345356119767745 -0.86761390695317
-0.363929337036285 -0.900965438118529
-0.370134770614273 -0.919601518143935
-0.349891077422464 -0.894892747640389
-0.329626841111104 -0.875784906144594
-0.310586625824212 -0.853513794582231
-0.291274805170139 -0.836691034925175
-0.271257792561388 -0.818014130420904
-0.253329201118053 -0.799535791461519
-0.23342874579864 -0.778255068643397
-0.214282969311563 -0.759681411164134
-0.195076044615991 -0.744066699657314
-0.176004726279412 -0.724624147162616
-0.156592197483653 -0.711382669890872
-0.137463787202347 -0.692700536049075
-0.117940126398343 -0.678426369417728
-0.0990354915892767 -0.657270416577812
-0.0776966089964694 -0.643805400584719
-0.0578132587374793 -0.629490862151357
-0.0380841633046713 -0.613096009747656
-0.016724376176467 -0.600700630592152
0.00341793339931627 -0.584659273327435
0.0253000437743923 -0.567998839936882
0.0447093844134536 -0.550879015757456
0.064637294159494 -0.531807742922104
0.0864241688673391 -0.519060011228469
0.108796502901614 -0.506900106484075
0.128825799879745 -0.488925221781584
0.150170220856102 -0.477031245954039
0.17172125946511 -0.46166101186398
0.174026850757883 -0.465121429012533
0.154075470017585 -0.488515981072442
0.131869677742834 -0.507825120757717
0.112302803688639 -0.535971469720294
0.0920377206119207 -0.562590720854723
0.0691227054646714 -0.577501120690688
0.0486149131634776 -0.60329730351537
0.027299529641979 -0.619753936294821
0.00550731727223116 -0.643224256111003
-0.015738061662039 -0.664676036735752
-0.0373964812156055 -0.690368799198288
-0.0587751899397282 -0.710860780100745
-0.0792974079482093 -0.732598864888426
-0.101323070460973 -0.756983128100588
-0.12198215551495 -0.781284541481445
-0.14204789327338 -0.803690176667877
-0.164419545475589 -0.826750612765872
-0.186247117429495 -0.851383475792735
-0.207947297601377 -0.871882254431412
-0.228309217696278 -0.89252316705045
-0.250371706457413 -0.915731883989004
-0.271653780524317 -0.936931478316833
-0.292956702174059 -0.957621777068613
-0.315426021967112 -0.985662445770745
-0.335240756660817 -0.995424492810324
-0.35749544567543 -1.02046896413905
-0.379888647317077 -1.04505781216663
-0.402308738983542 -1.07182668226521
-0.424504917660091 -1.09340166353205
-0.445276348777592 -1.11091237890383
-0.468504620734963 -1.13833134315226
-0.489743740165993 -1.15682791563786
-0.509095046092459 -1.16551900572861
-0.525487600490608 -1.1630979329034
-0.535827404931467 -1.1439738096847
-0.545498327318311 -1.12365347021315
-0.546727293298917 -1.09936675800801
-0.542826329503505 -1.07157357640752
-0.528170555034934 -1.04167413494676
-0.519282635270045 -1.0140217942373
-0.507056199870633 -0.985052953278029
-0.493343918699059 -0.954515004868561
-0.482259990738603 -0.925921182693111
-0.473006446783829 -0.898108632896587
-0.460468800994603 -0.868711644483842
-0.452295594168979 -0.84129576356034
-0.448409207401544 -0.815941334495145
-0.439367400641699 -0.787146254649387
-0.432730029845355 -0.760341450245477
-0.424131051774024 -0.732431705297025
-0.42159022667614 -0.706735273596761
-0.414680328354753 -0.67863359675752
-0.413613078014184 -0.654451489342396
-0.40770672139755 -0.626652142843235
-0.402325449195521 -0.598975600683593
-0.399083263322622 -0.573225742490864
-0.400464806886263 -0.549084801148469
-0.396954290964079 -0.522874827621439
-0.39729856690559 -0.49872500469292
-0.396161182977775 -0.471703941098301
-0.397340251110952 -0.447663614885044
-0.395281591296128 -0.420544481864821
-0.396970678981073 -0.395419384859054
-0.396167146387914 -0.369449989599334
-0.402972904809625 -0.346911426896918
-0.402759824696455 -0.319759903682457
-0.406166390559048 -0.294494507852448
-0.407144107021935 -0.268339878246796
-0.412460682101892 -0.243524307295405
-0.415364399059107 -0.217787707568621
-0.416735192945379 -0.190622029889482
-0.42143680477646 -0.164046301465748
-0.424810899368554 -0.137136778811631
-0.419086854269036 -0.114650228484444
-0.40063718218648 -0.130568426602083
-0.386580909050979 -0.151031391412733
-0.374125447916947 -0.174143984318735
-0.36288743539535 -0.196481273858862
-0.35119120607105 -0.21897852772439
-0.348536068209181 -0.245594312298635
-0.336361231769456 -0.265810433556249
-0.330656298740447 -0.290390801867043
-0.322226786045252 -0.312582132148755
-0.317023142359922 -0.335858722199899
-0.3156855967088 -0.362645193351942
-0.314204179519644 -0.387122408735581
-0.309408481516107 -0.410803469166924
-0.309837869719624 -0.436176467784767
-0.30695635885682 -0.460774338349265
-0.309393441208611 -0.487138707361147
-0.308113450497693 -0.511567721741268
-0.313373596678926 -0.53860941422291
-0.315331263774247 -0.564946945052199
-0.322785161186962 -0.593077778354593
-0.326453285505924 -0.619352241445627
-0.334269940505595 -0.648209611024789
-0.341426035370372 -0.676448101422926
-0.353547568090391 -0.70676448827897
-0.360588044045058 -0.734592030530463
-0.364364257409744 -0.760344123525405
-0.373751561402875 -0.789406716216353
-0.389512166696763 -0.821154249844968
-0.397505557980648 -0.849148760698472
-0.410580413095982 -0.879018557839402
-0.423667848190078 -0.909616380082094
-0.441343016904342 -0.942426272665103
-0.424311210089972 -0.923089588834692
-0.411642627234857 -0.893556658877809
-0.394321598334468 -0.861276744421736
-0.381544409127948 -0.831325874194922
-0.367414744292695 -0.799513758516059
-0.35520576811349 -0.770370970259355
-0.341681019448307 -0.739309361999325
-0.333818972151424 -0.711649436129262
-0.319570509220778 -0.680478835643933
-0.306649723380625 -0.64897367570852
-0.293668801156089 -0.61794680153526
-0.281318072529723 -0.586991976044499
-0.275091809052978 -0.559321830385426
-0.263950393383239 -0.528588143957492
-0.253436330960816 -0.497929770393346
-0.244307689374431 -0.467042323704573
-0.235053190369498 -0.436544581354938
-0.226421864384532 -0.406115380676747
-0.224639913524631 -0.38017341593548
-0.221168168562884 -0.352463165930964
-0.214259412706679 -0.322280291270394
-0.207963927593141 -0.292131033992075
-0.203082880203404 -0.26175740643826
-0.198016855278305 -0.231648932069242
-0.193562532143193 -0.201537240666069
-0.189720649297004 -0.171407152643303
-0.186492750067633 -0.141241754471011
-0.180957139739038 -0.116755534616122
-0.177341841622475 -0.142478431105356
-0.171445212501918 -0.166375727500444
-0.170636228851556 -0.19403598192333
-0.168361132396292 -0.21970467029454
-0.17036618313132 -0.248217048752013
-0.16983680435044 -0.273768061267148
-0.172092083122945 -0.302626094905015
-0.170383598988625 -0.326316659830365
-0.175258836140874 -0.354956730541328
-0.178022591883517 -0.38314370588532
-0.18625773480561 -0.414048813667757
-0.195140234270372 -0.445064638725002
-0.204673935912749 -0.47619722175073
-0.214862494638069 -0.507451072539643
-0.225709246213437 -0.538829109028239
-0.237217075465467 -0.570332586967047
-0.250808753061877 -0.596869945521571
-0.263520984750005 -0.628532507732263
-0.276895440626465 -0.660309678964909
-0.290931804813339 -0.692195449591202
-0.295292268103614 -0.718770816162741
-0.279836944119441 -0.688641807575846
-0.265110952149846 -0.656903712059979
-0.251554994851983 -0.626525838801627
-0.237168328025571 -0.601292712591765
-0.222425476659889 -0.576272671826871
-0.209681615304709 -0.546248908646309
-0.194070505456777 -0.525937834657915
-0.181937403517226 -0.497406088571883
-0.167672856190469 -0.476559327222178
-0.15684783286503 -0.446544835534609
-0.144093772916904 -0.422597618594285
-0.129537515551142 -0.403023855874869
-0.117905560389095 -0.377446258773132
-0.106991478189362 -0.353100994141448
-0.0961871381455309 -0.327473661501211
-0.0863708442518731 -0.300470431919593
-0.0790250778075016 -0.270699439114189
-0.0737101635857711 -0.23960158447242
-0.0708617722313948 -0.20969081961476
-0.0704106782596403 -0.180955431096748
-0.077176115356849 -0.160274218011755
-0.0813065336487447 -0.134961710343492
-0.0912774501326764 -0.115119540224311
-0.0979802874582553 -0.0919599318927606
-0.105046723187559 -0.0687268171969173
-0.112481305762041 -0.0453960230733708
-0.120290100741972 -0.0219421546534787
-0.124313468551177 0.00579412780272752
-0.12802609959324 0.0334998106747508
-0.133112445234582 0.0615206731441681
-0.141769384905461 0.0842074136267552
-0.145503124206526 0.114613016764102
-0.14830464997495 0.146180033776856
-0.149941299133849 0.17639624044667
-0.148923835681156 0.201164886400734
-0.144684300110627 0.224087857758297
-0.137368602776869 0.241447563166454
-0.137368602776869 0.241447563166454
