$SimulationHeader
$EndSimulationHeader
$Dimensions
4.1
16.2
24.0
-4.0
15.0
$EndDimensions
$ParametricEquations
8*sin(4*t) + 21.5, 8*cos(3*t) + 18.5, 0.0, 6.283185307179586
$EndParametricEquations
$DataCount
320
$EndDataCount
$XYCoordinates
21.5 26.5
22.129636325570083 26.48603777914146
22.75536637024101 26.444199852468664
23.373308087786633 26.374632257574728
23.97962775097424 26.277577823990782
24.570563736112653 26.153375325576075
25.142449860267973 26.002458298009117
25.691738126362267 25.82535352550746
26.215020735044007 25.622679202058297
26.709051226767997 25.395142773578215
27.170764622918714 25.143538468534167
27.597296441021093 24.86874452564515
27.98600046606771 24.57172012834146
28.334465167708746 24.253502056681985
28.64052866145188 23.915201068416145
28.902292121052533 23.55799802182264
29.118131558883533 23.183139753858455
29.286707901198596 22.791934728005575
29.406975295782253 22.385748467006977
29.478187600445477 21.965998786434106
29.499903012112117 21.53415084572333
29.47198680777722 21.09171203395603
29.39461218033221 20.640226708233765
29.268259164071473 20.181270803014577
29.093711656546542 19.716446329226713
28.872052555244352 19.24737578236104
28.604657039261745 18.775696479060958
28.29318403765695 18.30305484197823
27.939565937408553 17.831100652843833
27.545996594834065 17.36148129381372
27.114917724845675 16.895835997190442
26.64900375248444 16.435790123592305
26.15114522071456 15.98294948854236
25.624430857416172 15.538894757280683
25.07212841283352 15.105175927365071
24.4976643863635 14.683306918318957
23.904602768460155 14.274760287211766
23.29662292954091 13.880962088617135
22.677496793072365 13.503286896890677
22.05106543445446 13.143053008142314
21.421215250884163 12.801517838650904
20.791853850041473 12.479873535783298
20.16688580718506 12.179242816738125
19.550188441061085 11.900675049639428
18.94558775891216 11.645142590659287
18.356834719824327 11.413537389954898
17.787581963674786 11.206667878267321
17.241361150054683 11.025256145049322
16.72156104775692 10.869935417972286
16.23140651076232 10.741247852610048
15.773938471157765 10.639642640014944
15.351995073110789 10.565474438791632
14.968194064945912 10.519002137141651
14.624916558562788 10.500387949199865
14.324292256953182 10.509696848817054
14.068186241465668 10.546896342765123
13.858187400790158 10.611856584156486
13.695598573449242 10.704350825681813
13.581428464952538 10.82405621108402
13.51638538976026 10.970554902105874
13.500872876881017 11.143335536977496
13.534987166366886 11.341795015352838
13.618516612237485 11.565240603464769
13.750942995537411 11.81289235215052
13.931444739380737 12.083885819307293
14.15890200603637 12.377275087275178
14.431903644431817 12.692036064614953
14.748755944972828 13.027070060755799
15.107493147363831 13.381207621035403
15.505889636238297 13.753212608746043
15.941473748937028 14.141786519937984
16.411543109770584 14.545573015919251
16.913181395631597 14.963162657630699
17.443276428942674 15.393097825370866
17.99853948569082 15.833877806698045
18.575525698760693 16.283964034749914
19.170655429983935 16.7417854586961
19.780236478311807 17.205744027577882
20.40048698633096 17.67422026839328
21.027558903009755 18.145578938956973
21.65756185711158 18.618174735803468
22.286587293163908 19.09035803720966
22.91073272024276 19.560480661290576
23.526125923132653 20.0269016190692
24.128948985655178 20.48799284243915
24.715461977124814 20.94214486702627
25.282026154980766 21.387772450112887
25.825126539644785 21.823320104015096
26.34139372155012 22.24726752559832
26.827624765050228 22.65813490297944
27.280803079518634 23.054488080891808
27.698117134359293 23.434943566683422
28.07697790181892 23.798173359474422
28.415034919385658 24.142909585617474
28.710190872122407 24.467948924280726
28.96061460446584 24.772156807705656
29.16475248076531 25.054471381478443
29.32133802408071 25.313907210991427
29.429399773439897 25.549558721157048
29.48826731080899 25.760603357367657
29.49757542038409 25.94630445666781
29.45726635440008 26.106013819116978
29.367590191399316 26.23917397036724
29.22910328473756 26.34532010755827
29.042664810952612 26.42408172173738
28.809431439409686 26.475183891141484
28.530850156293198 26.49844824082669
28.20864928746508 26.49379356529589
27.84482777588413 26.461236111951024
27.44164278010946 26.400889524380652
27.00159567082739 26.312964445680695
26.527416512279615 26.197767783193108
26.022047124870383 26.055701637228843
25.488622834032604 25.887261897514524
24.930453018583613 25.693036512261962
24.35100057924882 25.47370343590246
23.753860454731438 25.23002826264945
23.14273731861493 24.96286155414961
22.52142259546725 24.673135870550468
21.893770938739635 24.361862515347713
21.263676316391766 24.030128005374547
20.635047852608466 23.67909027825462
20.011785575486932 23.309974650556867
19.397756221156282 22.92406954076035
18.796769244441364 22.522721971958422
18.21255318490134 22.107332870000235
17.64873253486885 21.679352173481753
17.108805253000845 21.24027377265497
16.596121062847963 20.79163029492151
16.11386067107842 20.334987755112103
15.66501603428729 19.871940089225294
15.252371796816368 19.404103590705873
14.878488014744875 18.933111268683337
14.545684273231904 18.46060714786339
14.25602529574693 17.988240529968884
14.011308134469225 17.517660236761134
13.813051021327247 17.050508854736513
13.662483948846422 16.588417001587533
13.560541039242043 16.132997634441885
13.507854749099643 15.68584041974639
13.504751945597098 15.248506184448564
13.55125187861178 14.822521467843966
13.647066061293788 14.409373193106493
13.791600059846214 14.010503477100949
13.983957181408606 13.627304596594485
14.222944037163852 13.261114128437718
14.507077946154917 12.913210280678811
14.834596133877817 12.584807430907752
15.203466668582632 12.277051887404308
15.61140106743338 11.99101788788569
16.05586849431782 11.72770384982047
16.534111461223524 11.488028885397322
17.04316293576861 11.272829593313121
17.57986474875136 11.082857138579037
18.14088718751788 10.91877463053758
18.72274965359005 10.781154808242825
19.321842256393197 10.670478041283115
19.934448209115427 10.587130653024513
20.556766887754215 10.531403572127715
21.184937410291113 10.503491317045555
21.81506258970888 10.503491317045555
22.443233112245778 10.531403572127715
23.06555179088458 10.587130653024511
23.678157743606807 10.670478041283118
24.277250346409943 10.781154808242825
24.859112812482113 10.918774630537579
25.420135251248634 11.082857138579035
25.956837064231383 11.27282959331312
26.465888538776483 11.488028885397327
26.944131505682186 11.727703849820475
27.388598932566616 11.991017887885686
27.796533331417365 12.277051887404305
28.16540386612218 12.584807430907748
28.492922053845078 12.913210280678808
28.77705596283615 13.261114128437725
29.016042818591394 13.627304596594492
29.208399940153782 14.010503477100944
29.35293393870621 14.409373193106488
29.44874812138822 14.822521467843961
29.4952480544029 15.248506184448559
29.492145250900357 15.685840419746384
29.439458960757957 16.132997634441892
29.33751605115358 16.588417001587526
29.186948978672756 17.050508854736506
28.988691865530775 17.517660236761124
28.743974704253073 17.988240529968884
28.454315726768094 18.46060714786339
28.121511985255122 18.933111268683337
27.747628203183638 19.40410359070587
27.334983965712716 19.871940089225287
26.886139328921587 20.334987755112095
26.403878937152044 20.791630294921507
25.891194746999147 21.240273772654977
25.351267465131148 21.679352173481764
24.787446815098654 22.107332870000242
24.203230755558643 22.522721971958415
23.602243778843725 22.924069540760343
22.988214424513075 23.30997465055686
22.36495214739154 23.679090278254616
21.736323683608227 24.030128005374554
21.106229061260358 24.361862515347717
20.47857740453276 24.673135870550464
19.857262681385077 24.962861554149608
19.24613954526857 25.230028262649448
18.648999420751178 25.473703435902465
18.069546981416384 25.69303651226196
17.51137716596739 25.887261897514527
16.977952875129624 26.055701637228843
16.472583487720392 26.197767783193108
15.998404329172619 26.31296444568069
15.558357219890544 26.400889524380652
15.155172224115873 26.461236111951024
14.791350712534925 26.49379356529589
14.469149843706813 26.49844824082669
14.190568560590311 26.475183891141484
13.957335189047388 26.42408172173738
13.77089671526244 26.34532010755827
13.632409808600684 26.23917397036724
13.54273364559992 26.106013819116978
13.502424579615909 25.94630445666781
13.511732689191009 25.760603357367657
13.570600226560101 25.549558721157048
13.67866197591929 25.31390721099143
13.83524751923469 25.054471381478443
14.039385395534154 24.772156807705663
14.289809127877586 24.467948924280734
14.58496508061435 24.142909585617474
14.923022098181082 23.79817335947442
15.301882865640714 23.43494356668343
15.71919692048137 23.0544880808918
16.172375234949772 22.658134902979445
16.658606278449877 22.247267525598314
17.174873460355215 21.8233201040151
17.717973845019227 21.387772450112887
18.28453802287518 20.94214486702628
18.871051014344815 20.48799284243915
19.47387407686733 20.026901619069218
20.089267279757227 19.56048066129058
20.713412706836106 19.090358037209654
21.342438142888426 18.618174735803457
21.972441096990252 18.145578938956966
22.599513013669046 17.674220268393274
23.219763521688193 17.205744027577882
23.829344570016065 16.7417854586961
24.424474301239304 16.283964034749914
25.001460514309173 15.833877806698048
25.55672357105732 15.39309782537087
26.086818604368396 14.963162657630704
26.588456890229402 14.545573015919262
27.05852625106296 14.141786519937996
27.494110363761713 13.753212608746031
27.892506852636174 13.381207621035408
28.251244055027176 13.02707006075579
28.568096355568187 12.692036064614957
28.84109799396363 12.377275087275173
29.068555260619263 12.083885819307296
29.24905700446259 11.812892352150515
29.381483387762515 11.565240603464776
29.465012833633114 11.341795015352838
29.49912712311898 11.143335536977501
29.48361461023974 10.970554902105878
29.418571535047462 10.824056211084025
29.30440142655076 10.704350825681814
29.14181259920984 10.611856584156484
28.93181375853433 10.546896342765123
28.675707743046814 10.509696848817054
28.375083441437212 10.500387949199865
28.031805935054088 10.519002137141651
27.64800492688921 10.565474438791632
27.226061528842237 10.639642640014944
26.768593489237688 10.741247852610048
26.278438952243086 10.869935417972282
25.758638849945328 11.025256145049315
25.21241803632523 11.206667878267316
24.643165280175687 11.4135373899549
24.05441224108783 11.645142590659294
23.44981155893891 11.900675049639428
22.833114192814932 12.179242816738132
22.208146149958527 12.479873535783295
21.57878474911584 12.80151783865091
20.948934565545542 13.143053008142308
20.32250320692764 13.503286896890682
19.703377070459098 13.880962088617125
19.095397231539852 14.274760287211766
18.50233561363651 14.68330691831894
17.92787158716649 15.105175927365066
17.37556914258384 15.538894757280667
16.848854779285432 15.982949488542353
16.350996247515557 16.43579012359231
15.885082275154321 16.89583599719046
15.454003405165931 17.36148129381372
15.06043406259145 17.83110065284382
14.706815962343049 18.30305484197823
14.395342960738258 18.77569647906097
14.127947444755652 19.247375782361036
13.906288343453461 19.71644632922669
13.73174083592853 20.18127080301457
13.605387819667794 20.640226708233772
13.52801319222278 21.091712033956018
13.500096987887883 21.534150845723335
13.521812399554523 21.96599878643412
13.593024704217747 22.385748467006973
13.713292098801404 22.791934728005582
13.881868441116467 23.183139753858452
14.097707878947467 23.557998021822648
14.359471338548115 23.915201068416135
14.66553483229125 24.253502056681988
15.013999533932285 24.571720128341454
15.402703558978901 24.86874452564515
15.829235377081275 25.14353846853416
16.290948773231992 25.395142773578215
16.784979264956 25.6226792020583
17.30826187363774 25.825353525507467
17.857550139732034 26.002458298009117
18.429436263887347 26.15337532557607
19.020372249025762 26.277577823990782
19.626691912213367 26.37463225757473
20.244633629758987 26.444199852468664
20.87036367442991 26.48603777914146
21.499999999999993 26.5
$EndXYCoordinates
$ThetaValues
-0.23602985590396544 0.19666172425521702
-0.26447182479940984 0.2064322348382873
-0.2929486192168914 0.21566058840722976
-0.3212908309969617 0.2242669777574379
-0.3493185884233424 0.23214303042172063
-0.37684018834455707 0.23915003926627268
-0.4036511758363459 0.24511792353790135
-0.42953424350340574 0.2498454395824957
-0.45426043928220505 0.25310233481423716
-0.4775922550726937 0.2546342657120305
-0.49928915286271713 0.2541712840604094
-0.5191158829800586 0.2514404069143947
-0.5368534852211808 0.2461821129949305
-0.5523121415529876 0.23816955576514778
-0.5653442254804909 0.227228079461688
-0.5758552950986646 0.21325174894738846
-0.5838107770235332 0.19621360424355277
-0.5892368661357322 0.17616748991881553
-0.5922155126647906 0.15324128174967538
-0.5928747468455013 0.12762335017532309
-0.59137645263114 0.09954535588235523
-0.5879038057047097 0.0692646169086915
-0.5826500826452905 0.03704853484530412
-0.5758097804785398 0.003162439249015313
-0.5675722801316115 -0.032138823195228955
-0.558117812750575 -0.06861591941832229
-0.5476152591924363 -0.10604737373759196
-0.5362212681356958 -0.14422997708168245
-0.5240802362767181 -0.1829779234566714
-0.5113247919932821 -0.22212118768667344
-0.4980765236982312 -0.26150350925933397
-0.48444677840817213 -0.30098022193158586
-0.470537420068533 -0.3404160744469367
-0.4564414825026305 -0.3796831219352039
-0.4422436824236988 -0.41865872468288207
-0.4280207779771456 -0.4572236651141375
-0.4138417714092417 -0.49526038015654944
-0.3997679635554686 -0.5326513011471271
-0.38585287506560606 -0.5692772947369444
-0.37214205623098323 -0.6050162045120322
-0.35867281512345905 -0.6397415035868886
-0.3454739033208598 -0.6733210829913134
-0.3325652102668451 -0.7056162191625797
-0.31995753136881877 -0.7364807860308089
-0.3076524907760527 -0.7657608022992205
-0.29564271608626846 -0.7932944308830188
-0.2839123765767102 -0.818912571947083
-0.2724382051341678 -0.8424402085104834
-0.2611911215533422 -0.8636986668839046
-0.2501385547268258 -0.8825089339812874
-0.23924751658153376 -0.8986961196103275
-0.2284884060609907 -0.9120950555437025
-0.21783941605035564 -0.9225568813833259
-0.2072912864293288 -0.9299562868669269
-0.19685201036686795 -0.9341988841968402
-0.18655098581993396 -0.9352280086817641
-0.17644204691100637 -0.9330301435561653
-0.16660484218220753 -0.9276381813406555
-0.15714416772186848 -0.9191319014930109
-0.14818710408288488 -0.9076353561494491
-0.13987810563114572 -0.8933112609638418
-0.13237248860220627 -0.876352906346917
-0.12582898927192904 -0.8569744374577994
-0.120402168211649 -0.8354005294552611
-0.11623540319243578 -0.8118564770650449
-0.11345506258405318 -0.7865595461117572
-0.11216622927701399 -0.7597121573545774
-0.11245010690524355 -0.7314971619525661
-0.1143630317797505 -0.7020751866134584
-0.11793686403272027 -0.6715838159516556
-0.12318044787703376 -0.640138254014526
-0.13008180809769035 -0.6078330613621546
-0.1386107710246338 -0.5747445788775514
-0.14872174693732848 -0.5409337034926427
-0.16035647080385443 -0.5064487533176287
-0.17344655822823776 -0.4713282351055704
-0.1879157863046225 -0.4356033957159208
-0.2036820513669571 -0.39930049633358655
-0.22065898661881458 -0.36244279231426474
-0.23875724315017102 -0.3250522336089384
-0.2578854494505153 -0.287150922945299
-0.2779508689077083 -0.2487623839871521
-0.2988597734105468 -0.20991270231530468
-0.32051754508388736 -0.17063161095764037
-0.34282850784361396 -0.13095360196969458
-0.3656954756869289 -0.09091915899167256
-0.3890189844292983 -0.05057622595814326
-0.41269614603400184 -0.009982058300056725
-0.43661902641917055 0.030794349405448288
-0.46067239379409675 0.0716689934078683
-0.4847306077611076 0.11253837518909342
-0.5086533101060281 0.15327326994403273
-0.5322794253670972 0.19370999529063496
-0.5554187766455886 0.23363812671051848
-0.5778403870684821 0.27278325528551906
-0.5992563643603466 0.31078311959724586
-0.6193004602805999 0.34715571685285956
-0.6375017603429176 0.38125999356954837
-0.6532582327070074 0.41225601028953773
-0.6658247327213291 0.4390860526257402
-0.6743461317772016 0.460521965042243
-0.6779764106513094 0.47533917425745986
-0.6760932192194953 0.48263180470543565
-0.6685222873775033 0.4821428920759388
-0.6556146216404937 0.4743780109669176
-0.6381108019439935 0.46040534701991226
-0.6169024059395569 0.4415045448634605
-0.5928402468092382 0.41888502742458555
-0.5666438392597037 0.3935537066070282
-0.5388863667858085 0.36629379845929794
-0.5100143708750481 0.3376944417422045
-0.4803761307784837 0.30819273252999396
-0.4502476130753629 0.2781118479229528
-0.4198529653680189 0.24769087936120276
-0.38937974353218996 0.21710672402627626
-0.3589899553372818 0.18648968464291635
-0.3288280263565079 0.15593445085605295
-0.2990265736567831 0.12550780448301316
-0.26971063388085265 0.09525403751521648
-0.24100079795283186 0.0651987876630034
-0.21301556113900252 0.035351790224790784
-0.1858730951189855 0.0057089027245699675
-0.15969257669003045 -0.023746336957378107
-0.1345951563570861 -0.0530414213837641
-0.11070461250994922 -0.0822136966251965
-0.08814770845257398 -0.11130916691942584
-0.06705424714268315 -0.140381166517576
-0.047556800245411854 -0.16948879467727426
-0.029790073058816497 -0.1986950172839206
-0.013889854918934548 -0.22806434600299946
8.503534297556771e-06 -0.2576600159102522
0.011772147882974288 -0.2875405982279741
0.02127336947112753 -0.3177560094865104
0.028392889170430313 -0.3483429158907688
0.03302378825950445 -0.3793195857279557
0.03507605177978773 -0.41068031652946746
0.03448162091114032 -0.44238965879069436
0.031199760132195848 -0.4743767719956382
0.025222435495980303 -0.5065303734015871
0.01657928382565432 -0.5386948580108254
0.005341646386247565 -0.5706682541033367
-0.008374925256678467 -0.6022026961438726
-0.024410277541871583 -0.6330080094606712
-0.04256185445809604 -0.6627587790446692
-0.06258973761045081 -0.6911049131930519
-0.08422444199964207 -0.7176852445370409
-0.10717699031400255 -0.7421432133386364
-0.13115041717050788 -0.7641432610363159
-0.15585159566638135 -0.7833863397008041
-0.1810022049426327 -0.7996229926913928
-0.20634779574989023 -0.8126627908267996
-0.2316642285823277 -0.8223794453586369
-0.2567611747033052 -0.8287115361512223
-0.28148278423290035 -0.83165935099718
-0.30570595216971935 -0.8312787236611363
-0.32933680559137923 -0.8276729379959337
-0.35230608901949545 -0.8209837473049219
-0.37456406871148196 -0.8113823981589317
-0.3960754531202506 -0.7990613133727075
-0.416814678986137 -0.7842268431879887
-0.4367617716054767 -0.7670932768152222
-0.4558988724006568 -0.7478781399999115
-0.4742074434978172 -0.726798691595772
-0.49166610636477703 -0.7040694667319022
-0.5082490442930843 -0.6799006848625819
-0.5239248899770248 -0.6544973360570574
-0.5386560234271786 -0.6280587682587185
-0.5523982169178329 -0.6007786143620074
-0.5651005788849315 -0.5728449157879411
-0.5767057650638575 -0.5444403159210087
-0.5871504408775137 -0.5157422111610583
-0.596365992798052 -0.48692275963199805
-0.6042794969146983 -0.45814865898965546
-0.6108149590139613 -0.4295806172834869
-0.6158948407789354 -0.4013724569825947
-0.6194418798888651 -0.37366981478354855
-0.6213811967682177 -0.34660843101352634
-0.6216426571703978 -0.32031206352097985
-0.6201634287584125 -0.29489011100768703
-0.6168906341536717 -0.27043508606614824
-0.6117839686153569 -0.24702013114632881
-0.6048181225214107 -0.2246968123306649
-0.5959848383674955 -0.20349344334498853
-0.5852944411248849 -0.18341417868056073
-0.5727767154580604 -0.16443906451726698
-0.5584810587525053 -0.1465251542028161
-0.5424759075618386 -0.1296086928917838
-0.5248475047650777 -0.11360827104063902
-0.5056981328795795 -0.09842875704073187
-0.4851439759618685 -0.08396575947419271
-0.463312784033641 -0.07011034580748238
-0.44034150153882123 -0.05675375492737227
-0.4163739910848541 -0.04379187741101798
-0.39155894399645697 -0.031129328335911224
-0.36604802820928034 -0.018682991642136566
-0.33999428810848487 -0.006384964158862926
-0.3135507838612726 0.005815133300405501
-0.286869440925819 0.017948482140199635
-0.2601000731802728 0.030026015464586324
-0.2333895437786082 0.042037965745732375
-0.20688103414763087 0.05395397898576853
-0.18071340115352602 0.06572375909407815
-0.15502061324131966 0.07727820192747942
-0.12993126647382497 0.08853097360489966
-0.10556818945296537 0.0993804821834223
-0.08204815110523657 0.1097121859861363
-0.059481686697919055 0.11940117652691899
-0.03797305509583115 0.1283149698829741
-0.01762033444539732 0.13631643821242265
0.0014843451889794 0.1432668133561568
0.019254444312427288 0.14902869726182558
0.03560855515797729 0.1534690191916317
0.050469876276350065 0.15646188694370916
0.06376566519977722 0.15789128805944885
0.07542672143993782 0.157653606557254
0.0853869567195987 0.15565993021544128
0.09358311048029483 0.1518381324679102
0.099954666142327 0.14613472006743977
0.1044440171965866 0.13851644291864135
0.10699692207931467 0.12897166447473954
0.10756327319574469 0.11751148975500633
0.10609818842304508 0.10417064267376468
0.10256341369646436 0.08900807539812174
0.09692900300476494 0.07210728000834757
0.08917521817974275 0.05357625827487948
0.07929456667180809 0.03354709064094083
0.06729387231214409 0.012175033175264763
0.05319625457462669 -0.010362935464451961
0.037042878637898714 -0.033870192700892365
0.018894334761819197 -0.05813323750317557
-0.0011684860601483941 -0.0829251751099934
-0.02304413061600282 -0.10800991035616918
-0.046611009604609406 -0.13314698379441
-0.07172853544096718 -0.1580969228333715
-0.09823893853441151 -0.18262691907556275
-0.1259696703556211 -0.20651659213749937
-0.15473624974861255 -0.2295635684137953
-0.18434537126177883 -0.2515885971998688
-0.2145980764539628 -0.27243994902615004
-0.24529279373119592 -0.29199688979820887
-0.2762280781584781 -0.3101720925542751
-0.30720492539333677 -0.3269129262652596
-0.33802858668162833 -0.3422016369290336
-0.3685098672759451 -0.3560545002454281
-0.3984659419297128 -0.368520070383312
-0.4277207632702997 -0.37967667267995087
-0.45610516899750375 -0.389629290398374
-0.4834568111050904 -0.39850598097438406
-0.509620035214678 -0.40645393166432503
-0.5344458318942746 -0.41363523521380546
-0.5577919658840557 -0.4202224400224856
-0.579523364648402 -0.4263939122172211
-0.5995128156220881 -0.4323290433327779
-0.6176419831025752 -0.43820334891599777
-0.6338027128747664 -0.4441835294487065
-0.6478985485384272 -0.45042260142176793
-0.6598463428593075 -0.4570552460352289
-0.6695778163888455 -0.46419355580081756
-0.6770409000695667 -0.47192337621242425
-0.6822007039067651 -0.4803014305490347
-0.6850399814091025 -0.4893533790413326
-0.6855590072533315 -0.4990729003444515
-0.6837748465654906 -0.5094218033583194
-0.6797200585845425 -0.5203310944441121
-0.6734409348656241 -0.5317028537977755
-0.6649954142654521 -0.5434127271219189
-0.6544508391590641 -0.555312821194033
-0.6418817198489442 -0.5672348045366635
-0.6273676604015448 -0.5789930516576857
-0.6109915754025448 -0.590387723254258
-0.5928382982666858 -0.6012077339090064
-0.5729936553872816 -0.6112336202780562
-0.551544055412339 -0.6202403732096291
-0.5285766240415272 -0.6280003395529267
-0.5041798982109696 -0.6342863267342777
-0.4784450777483942 -0.6388750550376203
-0.4514678137122574 -0.6415510961218688
-0.42335048683578597 -0.642111408656049
-0.3942048934041396 -0.6403705296991027
-0.3641552076022843 -0.636166400940271
-0.3333410296948256 -0.6293667020115538
-0.30192026318210946 -0.619875433555
-0.2700715012205188 -0.607639352683177
-0.23799555808469558 -0.5926537337062524
-0.20591577362581664 -0.5749668360651965
-0.17407676519368154 -0.5546824410450791
-0.14274141325857687 -0.5319598957048639
-0.11218604167947482 -0.5070112877316163
-0.08269397144928795 -0.4800956554455034
-0.05454785150934548 -0.45151047268533007
-0.02802135652842026 -0.42158097801056044
-0.003370947548587179 -0.39064817565833304
0.019171608063276793 -0.3590564701679618
0.03940536603469967 -0.3271418852281933
0.057164578745693556 -0.2952216726935456
0.07232113365194581 -0.2635858808997312
0.08478509841865306 -0.23249117721812362
0.09450359460814386 -0.20215696050181212
0.10145833994880948 -0.1727635922969459
0.10566225157300434 -0.14445243943329353
0.10715549816453401 -0.11732735497584482
0.10600134392385357 -0.0914572173831396
0.10228205947625901 -0.06687918131880612
0.09609509982660651 -0.04360234993838845
0.0875496784544943 -0.021611642800313764
0.0767638063500896 -0.0008716954733911042
0.06386181807239416 0.01866931954476062
0.04897237389509747 0.03707601828294292
0.0322269062806236 0.05442231298398989
0.013758468022498003 0.0707881155485545
-0.006299064006013401 0.08625623539765606
-0.02781147369741843 0.10090946091326157
-0.05064441810914636 0.11482780758087444
-0.0746633992560899 0.12808591189771332
-0.09973351929858093 0.14075054700401432
-0.12571903548086477 0.1528782333226295
-0.15248272449067402 0.16451291525296818
-0.17988506096224688 0.1756836737212229
-0.20778321257400775 0.18640244535512654
-0.2360298559039628 0.19666172425496029
$EndThetaValues
$RotorRadiiValues
0.0 11.435554313697182 12.078509464877703 -1.2872828410181705 -1.1477455225462725
0.01969650566513977 11.432344211281368 12.151564807233449 -1.3104715895384869 -1.1599400094883852
0.03939301133027954 11.429798867669215 12.227922680964086 -1.3334705344609623 -1.1723911082207126
0.05908951699541931 11.427851581762594 12.306991905657805 -1.3562498004906323 -1.18514653839446
0.07878602266055908 11.426430574505833 12.388078698975312 -1.3787694499273537 -1.1982489512276924
0.09848252832569884 11.425456573317769 12.470386595947641 -1.4009788482161456 -1.2117356525114422
0.11817903399083862 11.424842592138878 12.553018735183361 -1.4228162964745203 -1.2256383857016129
0.13787553965597837 11.424497029955207 12.6349838915507 -1.4442091066931129 -1.2399831604771268
0.15757204532111815 11.424331393610329 12.715208135995956 -1.4650743583201717 -1.254790112105117
0.17726855098625793 11.424273918800786 12.792554370024884 -1.4853206264838974 -1.2700733826431159
0.19696505665139769 11.42428991030479 12.86585194004498 -1.5048509810149837 -1.2858410283201258
0.21666156231653746 11.42440853109042 12.933937719622614 -1.5235674776942454 -1.3020949787068534
0.23635806798167724 11.424753946633032 12.99570813604035 -1.5413771556761855 -1.318831099135238
0.256054573646817 11.425576415561125 13.05017861705357 -1.5581992074255153 -1.336039429098362
0.27575107931195675 11.427276847197504 13.096543486678277 -1.5739725602098407 -1.3537046721694943
0.29544758497709656 11.430417641303023 13.134226803050346 -1.5886627508588218 -1.3718069842689251
0.3151440906422363 11.43571424179139 13.16291457311789 -1.6022668777236881 -1.3903230455774336
0.33484059630737606 11.444005793345573 13.182561977397464 -1.6148156951033101 -1.4092273245134272
0.35453710197251587 11.456208305923765 13.193374861526747 -1.626372518553311 -1.428493381709884
0.3742336076376556 11.473257787770542 13.195770580375331 -1.6370293038258994 -1.4480950458969186
0.39393011330279537 11.496052349043547 13.190327004853971 -1.6469007762097512 -1.468007328328988
0.4136266189679352 11.525401094418502 13.177729073525965 -1.6561176676579332 -1.4882070095621172
0.43332312463307493 11.561984730313362 13.15872025026524 -1.6648199915172643 -1.508672902702652
0.4530196302982147 11.606329619128974 13.134063084882925 -1.673150989470138 -1.5293858478793267
0.4727161359633545 11.658794537286585 13.104510112572338 -1.6812520714364678 -1.5503285160097915
0.49241264162849424 11.719567988637145 13.070784297316113 -1.689258828169257 -1.5714851001042682
0.512109147293634 11.78867345232371 13.033567210707927 -1.6972980516604141 -1.5928409593449575
0.5318056529587738 11.865980067549355 12.993492897126456 -1.7054856338526647 -1.6143822636284284
0.5515021586239135 11.951216660737623 12.951145578876522 -1.713925199608766 -1.6360956698398534
0.5711986642890533 12.043987490739706 12.90705973844885 -1.722707339657342 -1.657968048255317
0.5908951699541931 12.143788516165007 12.861721518323845 -1.7319093268411208 -1.6799862685053568
0.6105916756193328 12.25002333727833 12.815570725185458 -1.741595216343145 -1.7021370488468188
0.6302881812844726 12.362018232231666 12.769002991811485 -1.751816244977766 -1.7244068691620118
0.6499846869496124 12.479035907434321 12.722371840241166 -1.7626114561310915 -1.746781946280146
0.6696811926147521 12.600287731107633 12.675990518545094 -1.7740084864782641 -1.769248269227672
0.6893776982798919 12.724944331869777 12.630133566800522 -1.7860244591707342 -1.7917916913821061
0.7090742039450317 12.852144531650149 12.585038119865104 -1.7986669364341636 -1.8143980758982774
0.7287707096101714 12.981002652652945 12.540904986375555 -1.811934892754685 -1.8370534899690254
0.7484672152753112 13.110614297865899 12.49789956336233 -1.8258196781108138 -1.859744442309561
0.768163720940451 13.240060758952264 12.456152659978239 -1.8403059489479403 -1.882458156587744
0.7878602266055907 13.36841225873948 12.415761316387586 -1.855372552669521 -1.90518287125556
0.8075567322707305 13.494730291764506 12.376789717827918 -1.870993359225027 -1.927908153286086
0.8272532379358704 13.618069388446342 12.339270321035904 -1.8871380408257656 -1.950625209636885
0.84694974360101 13.737478698033689 12.303205331114501 -1.903772807831354 -1.9733271758628868
0.8666462492661499 13.852003861843986 12.268568690306491 -1.9208611152804749 -1.9960093563235897
0.8863427549312897 13.960689727272058 12.235308762510648 -1.9383643601136327 -2.01866938519289
0.9060392605964294 14.062584525363864 12.203351912184537 -1.9562425933560614 -2.041307272585038
0.9257357662615692 14.156746184575269 12.172607173416171 -1.9744552736058711 -2.063925296532102
0.945432271926709 14.242251457116996 12.142972170881992 -1.9929620870025935 -2.0865277007121827
0.9651287775918487 14.31820846106971 12.114340373675553 -2.011723853104388 -2.1091201616107105
0.9848252832569885 14.383773055896397 12.086609621827863 -2.0307035244821536 -2.1317089993779113
1.0045217889221283 14.438169138558685 12.059691657942269 -2.0498672695696243 -2.1543001261069135
1.024218294587268 14.480712455171734 12.033522133439043 -2.069185603829939 -2.176897754851079
1.0439148002524077 14.510836882609086 12.00807027517895 -2.0886345060486384 -2.199502931908108
1.0636113059175476 14.528121413097827 11.98334715880523 -2.1081964294256177 -2.222112000023674
1.0833078115826873 14.532315388367302 11.959411422465749 -2.12786109835368 -2.244715144260641
1.103004317247827 14.523359060650714 11.93637135752392 -2.147625979293197 -2.2672952042711065
1.122700822912967 14.501396481283296 11.914382678313935 -2.167496334373114 -2.2898269448896675
1.1423973285781066 14.466778182328824 11.893641882879995 -2.1874848105964126 -2.312276951215215
1.1620938342432463 14.420052148605416 11.874375861012565 -2.207610580016122 -2.3346042515361383
1.1817903399083862 14.361943037681616 11.85682910008219 -2.227898114188956 -2.3567616789524704
1.201486845573526 14.293321231018234 11.841250290530544 -2.248375732870546 -2.37869787690736
1.2211833512386656 14.215164717566024 11.82788019683595 -2.2690740976134443 -2.4003597590692864
1.2408798569038055 14.128517716258937 11.816942318903672 -2.2900248179275824 -2.4216951714954162
1.2605763625689452 14.034450148576004 11.808637225524997 -2.31125930324532 -2.4426554883951015
1.280272868234085 13.934021589139698 11.803140684908016 -2.3328079388396237 -2.4631979025438553
1.2999693738992248 13.82825232872551 11.80060504542333 -2.354699602956943 -2.483287236152381
1.3196658795643645 13.718102950485429 11.801162874242712 -2.3769614894974462 -2.5028971795121255
1.3393623852295042 13.604462617196821 11.804931694322553 -2.3996191644476106 -2.522010944341371
1.3590588908946442 13.488145296584342 11.812018740528464 -2.4226967676200943 -2.540621382408479
1.3787553965597839 13.369892510998755 11.822524900134798 -2.4462172717557937 -2.558730661074457
1.3984519022249235 13.250380897854638 11.836547319153526 -2.470202723344463 -2.576349605286709
1.4181484078900635 13.130232845548027 11.854180461954272 -2.4946744079005105 -2.593496815051881
1.4378449135552032 13.010028643227413 11.875515660068682 -2.5196529018979774 -2.6101976544109116
1.4575414192203429 12.890318861025992 11.900639354952784 -2.545157990953868 -2.6264831888385
1.4772379248854828 12.771635988679723 11.929630330757535 -2.571208447565997 -2.642389127595242
1.4969344305506225 12.654504654759215 11.96255626062976 -2.597821671488744 -2.6579548090762337
1.5166309362157622 12.539449997917476 11.999469872081827 -2.6250132021841406 -2.673222252239273
1.536327441880902 12.42700395465864 12.040404990923328 -2.6527961165870027 -2.688235286195801
1.5560239475460418 12.317709365792052 12.0853726628899 -2.681180327576442 -2.703038762704745
1.5757204532111815 12.212121893050421 12.134357486759843 -2.7101717997985757 -2.717677851951441
1.5954169588763214 12.110809788001404 12.187314227643606 -2.739771700326048 -2.7321974198463037
1.615113464541461 12.014351576987442 12.244164716134932 -2.7699755022622012 -2.7466414844265215
1.6348099702066008 11.923331726315803 12.30479497738111 -2.8007720596866585 -2.7610527492171615
1.6545064758717407 11.83833433653175 12.369052470975513 -2.8321426718678646 -2.775472212208032
1.6742029815368804 11.759934885274342 12.436743253052677 -2.8640601526830665 -2.7899388502006115
1.69389948720202 11.6886899928584 12.507628788811724 -2.8964879165892463 -2.804489379617154
1.71359599286716 11.625125116556685 12.581422036704815 -2.9293790837777864 -2.819158096520902
1.7332924985322997 11.569719975713271 12.657782279750496 -2.96267559236746 -2.8339768008270703
1.7529890041974394 11.522891349981691 12.736307974221116 -2.996307282105711 -2.8489748128674983
1.7726855098625793 11.484972647144502 12.816526591448902 -3.0301908789087495 -2.8641790952535424
1.792382015527719 11.45618926493612 12.897880006791924 -3.064228758904046 -2.8796145001731874
1.8120785211928587 11.436628225978763 12.979703398205245 -3.098307300803791 -2.8953041729614335
1.8317750268579986 11.426199812313317 13.061194833133943 -3.1322945455136626 -2.9112701580720906
1.8514715325231383 11.424588010602905 13.141371821773859 -3.166036781837475 -2.9275342736108483
1.871168038188278 11.431185811077434 13.219010485846692 -3.1993536101192293 -2.9441193416736735
1.890864543853418 11.44501183254337 13.292563873770929 -3.232031132814509 -2.9610508684907773
1.9105610495185577 11.464609197698783 13.360061580296456 -3.263813517128649 -2.9783592155936196
1.9302575551836973 11.487942314978863 13.419010182896663 -3.2943949808492947 -2.99608208400662
1.949954060848837 11.51234221370331 13.466353770291708 -3.323418330092495 -3.0142665615285917
1.969650566513977 11.53460980228604 13.498618135300209 -3.350492646904554 -3.0329689388036907
1.9893470721791167 11.55142794049137 13.512401807039186 -3.375246382229526 -3.0522495586391436
2.0090435778442566 11.56013031771589 13.505248750076422 -3.397418297365653 -3.072161234826842
2.0287400835093963 11.559538159355613 13.476553637402583 -3.4169491361880664 -3.09273515933174
2.048436589174536 11.550301831135238 13.42786586520235 -3.4340089587256255 -3.1139734075725234
2.0681330948396757 11.534482043423308 13.36233138087127 -3.4489352300900307 -3.1358533600345706
2.0878296005048154 11.514731781892081 13.283720289274198 -3.462129719251423 -3.158339256158479
2.1075261061699555 11.493609848285438 13.19564518061332 -3.4739768171523546 -3.1813925039942323
2.127222611835095 11.473237395675264 13.101188986468665 -3.484805038233758 -3.2049769617715773
2.146919117500235 11.45522192559583 13.002837893464651 -3.494880220034462 -3.229060060473878
2.1666156231653746 11.440710581073974 12.902554536153929 -3.5044131336022564 -3.2536118484453134
2.1863121288305143 11.430480977803361 12.801886377731389 -3.5135706318290936 -3.2786034158377264
2.206008634495654 11.425028691665421 12.70206438120671 -3.5224857550356323 -3.3040053771842848
2.225705140160794 11.424639079908191 12.604079745498762 -3.5312655879703447 -3.3297866340441864
2.245401645825934 11.429442880520913 12.508739474803463 -3.539996986586038 -3.35591344489504
2.2650981514910735 11.439458578754278 12.416705185085608 -3.5487506510929636 -3.3823487670282617
2.284794657156213 11.45462488441478 12.328519678005607 -3.557584021529729 -3.409051825494976
2.304491162821353 11.474826059015774 12.244624955297454 -3.566543373774355 -3.435977870819642
2.3241876684864926 11.499912096100797 12.165374412760185 -3.575665390298725 -3.4630780963740473
2.3438841741516327 11.529715138899912 12.091041196659045 -3.584978396635821 -3.490299693680657
2.3635806798167724 11.56406305548694 12.021824152568575 -3.594503393793469 -3.51758602877541
2.383277185481912 11.602790758429746 11.957852409652434 -3.604254974553606 -3.5448769255617454
2.402973691147052 11.645749618138648 11.899189376256462 -3.6142421828069313 -3.572109043572727
2.4226701968121915 11.692815145873418 11.845836737451075 -3.6244693556452714 -3.5992163384662956
2.4423667024773312 11.74389299049683 11.797738913550035 -3.634936974708095 -3.6261305945635476
2.4620632081424714 11.798923186427785 11.754788340341687 -3.6456425438941436 -3.6527820203473844
2.481759713807611 11.857882498476146 11.716831851940881 -3.6565815032107323 -3.679099900492103
2.5014562194727508 11.920784626788931 11.683678374275395 -3.6677481818351003 -3.705013301968086
2.5211527251378905 11.987677960891649 11.655108061418062 -3.6791367862774735 -3.730451837147257
2.54084923080303 12.058640509338936 11.630882919097253 -3.6907424109686877 -3.7553464934523855
2.56054573646817 12.133771589547077 11.610758850674753 -3.7025620480314885 -3.779630546446594
2.5802422421333095 12.213179855848422 11.594498922012624 -3.7145955601832834 -3.8032405803902423
2.5999387477984497 12.296967294108605 11.58188746576282 -3.726846565972574 -3.8261176456911374
2.6196352534635894 12.385208946110193 11.572744429487502 -3.7393231709669914 -3.8482085841673044
2.639331759128729 12.477928377997344 11.566939120237796 -3.7520384642260547 -3.8694675478011944
2.659028264793869 12.575069304561103 11.564402228512245 -3.765010689758438 -3.8898577213954795
2.6787247704590085 12.676464343802856 11.565134763705316 -3.778263002206317 -3.9093532310264116
2.698421276124148 12.781802596402873 11.569212361656213 -3.7918227299730507 -3.9279411763711796
2.7181177817892883 12.890598571294916 11.57678341715967 -3.805720102255521 -3.94562366637412
2.737814287454428 13.00216579525353 11.588059746295627 -3.819986451874059 -3.962419670036911
2.7575107931195677 13.115599071951271 11.603299083385773 -3.834651981522087 -3.9783664285846165
2.7772072987847074 13.22976955101453 11.622779696934595 -3.849743269129087 -3.9935201312564814
2.796903804449847 13.34333628836475 11.646768704843385 -3.865280772335537 -4.007955556784746
2.816600310114987 13.454776652548599 11.675487078267546 -3.8812766508461154 -4.021764447383623
2.836296815780127 13.562435764632827 11.709075512211324 -3.8977332356271437 -4.0350525206118
2.8559933214452666 13.664592413682442 11.747565913659402 -3.914642419468664 -4.04793522440122
2.8756898271104063 13.759536089787046 11.790862893517327 -3.931986123539458 -4.060532564033094
2.895386332775546 13.845647599591839 11.838738256867298 -3.9497378284875513 -4.072963520376596
2.9150828384406857 13.921474796307123 11.890839306252479 -3.9678649831081634 -4.08534067910524
2.9347793441058254 13.985795594926698 11.946709338949056 -3.98633196208776 -4.097765665832998
2.9544758497709656 14.037662538226447 12.005816682338715 -4.005103171934207 -4.110325835456939
2.9741723554361053 14.076426193520808 12.067587492605382 -4.024145915009666 -4.1230924371466555
2.993868861101245 14.10173783108076 12.13143754123997 -4.0434327046807965 -4.136120232675725
3.0135653667663846 14.113534445558905 12.196799169287477 -4.062942850288565 -4.149448345320178
3.0332618724315243 14.112010782316476 12.263141090133448 -4.08266326303312 -4.1631019964136815
3.052958378096664 14.097583523091233 12.329980298118162 -4.102588543381472 -4.177094753780602
3.072654883761804 14.070852361846011 12.396886628166424 -4.122720481206798 -4.191430953430199
3.092351389426944 14.032561711819024 12.463481332254739 -4.143067129521527 -4.206108034137746
3.1120478950920836 13.983565577529001 12.529431383782022 -4.163641609438795 -4.221118615642622
3.1317444007572233 13.924796982700833 12.5944411967926 -4.184460779958635 -4.236452234407689
3.151440906422363 13.8572424169863 12.658243195184891 -4.205543873268031 -4.2520967155398415
3.1711374120875027 13.781921109623319 12.720588319670918 -4.226911163284326 -4.268039202766458
3.190833917752643 13.699868539819569 12.781237211156144 -4.248582707475038 -4.284266892682745
3.2105304234177825 13.612123401415731 12.839952512181089 -4.270577181780829 -4.300767529401034
3.230226929082922 13.519717193567248 12.89649250437099 -4.292910815909523 -4.3175297160833725
3.249923434748062 13.423665656292904 12.950606149749941 -4.315596430381315 -4.334543094690504
3.2696199404132016 13.324961368868081 13.00202951668208 -4.338642576067574 -4.351798437589279
3.2893164460783413 13.224566952619256 13.050483532667165 -4.362052780111485 -4.369287686324189
3.3090129517434814 13.123408451356667 13.09567300197068 -4.38582490770718 -4.387003964936554
3.328709457408621 13.022368594284455 13.137286843699913 -4.409950656049183 -4.404941588178383
3.348405963073761 12.922279774731416 13.174999535150938 -4.4344152037374265 -4.423096078913985
3.3681024687389005 12.823916703006123 13.2084737773521 -4.459197044930993 -4.441464203814948
3.38779897440404 12.727988813168716 13.237364426866248 -4.48426804142088 -4.460044031916455
3.40749548006918 12.63513262049319 13.26132375241372 -4.509593726292438 -4.478835016474671
3.42719198573432 12.545904335513168 13.280008068959116 -4.5351338887025765 -4.4978380966401845
3.4468884913994597 12.460773135357268 13.293085768007618 -4.5608434593715295 -4.517055811616181
3.4665849970645994 12.380115563903576 13.30024669479078 -4.586673699956729 -4.5364924162005185
3.486281502729739 12.304211566928718 13.30121271798215 -4.612573676586514 -4.55615398307406
3.505978008394879 12.233242654046656 13.295749198904037 -4.638491969717253 -4.576048474216503
3.5256745140600185 12.167292605777943 13.28367690595724 -4.664378541834444 -4.596185761908703
3.5453710197251587 12.106351006567833 13.264883761113863 -4.6901866556921865 -4.616577579352718
3.5650675253902984 12.050319692353904 13.239335671312482 -4.71587471384853 -4.6372373827791575
3.584764031055438 11.999021968538841 13.20708563551158 -4.74140788107944 -4.658180110795567
3.6044605367205778 11.952214217309137 13.168280341287712 -4.766759358418063 -4.67942183309335
3.6241570423857175 11.909599304398371 13.12316359957475 -4.791911202781836 -4.700979288428018
3.643853548050857 11.870841052018411 13.072076196456855 -4.816854626704648 -4.722869320295306
3.6635500537159973 11.835578988822807 13.015452036812578 -4.841589762560706 -4.74510822668436
3.683246559381137 11.803442624247966 12.953810765788493 -4.8661249264129625 -4.767711046676766
3.7029430650462767 11.77406460839999 12.887747327179682 -4.890475459711897 -4.790690810830542
3.7226395707114164 11.74709230032486 12.817919110451477 -4.914662256116424 -4.814057784140161
3.742336076376556 11.722197442244196 12.74503142975031 -4.938710092928189 -4.837818730291572
3.7620325820416958 11.699083794825082 12.66982207282168 -4.962645883088378 -4.8619762246169556
3.781729087706836 11.67749270968894 12.593045578853197 -4.9864969483648585 -4.886528041289958
3.8014255933719756 11.65720669450336 12.51545778523326 -5.010289392596935 -4.9114666383545105
3.8211220990371153 11.638051068961005 12.437801056836326 -5.0340466308103835 -4.936778762263237
3.840818604702255 11.619893829575553 12.360790502360361 -5.057788109537384 -4.962445191483463
3.8605151103673947 11.602643852460892 12.28510140354924 -5.08152823792271 -4.98844063594412
3.8802116160325344 11.586247579123764 12.21135803669794 -5.105275538684287 -5.014733805114561
3.899908121697674 11.570684359343526 12.140124045003233 -5.129032022015893 -5.041287651909784
3.9196046273628142 11.555960670443325 12.071894513579743 -5.152792782661546 -5.068059792255362
3.939301133027954 11.542103491202935 12.007089893537037 -5.176545819022876 -5.0950030912317334
3.9589976386930936 11.52915317423958 11.946051906284662 -5.2002720718039726 -5.12206639685264
3.9786941443582333 11.517156222603093 11.889041526747725 -5.223945677281497 -5.149195392653226
3.998390650023373 11.506158422876647 11.836239091735465 -5.247534426283011 -5.176333531514978
4.018087155688513 11.496198807041075 11.78774650952834 -5.271000414411319 -5.203423006708124
4.037783661353653 11.487304899967057 11.743591465308006 -5.29430086253015 -5.230405712978364
4.0574801670187925 11.479489653870207 11.703733433722617 -5.317389079962685 -5.257224151268886
4.077176672683932 11.47275037561747 11.668071235130187 -5.340215537355769 -5.28382223548418
4.096873178349072 11.467069822799766 11.636451815533242 -5.362729012773777 -5.310145968176718
4.116569684014212 11.462419489851552 11.608679898998608 -5.384877774069109 -5.336143963315397
4.136266189679351 11.4587649391041 11.584528158797326 -5.406610763242722 -5.361767807203436
4.155962695344491 11.456072867543758 11.56374757873335 -5.427878754135152 -5.386972261857487
4.175659201009631 11.454319451437732 11.546077724328692 -5.448635462635402 -5.411715327518191
4.19535570667477 11.453499388703856 11.531256706781711 -5.4688385975066 -5.435958191448404
4.215052212339911 11.45363497036572 11.519030691167858 -5.488450848520501 -5.459665098131077
4.234748718005051 11.454784461662593 11.509162863980483 -5.507440815371539 -5.48280318110111
4.25444522367019 11.457049061115326 11.501441824422102 -5.5257838846671845 -5.505342298920371
4.27414172933533 11.460577731676297 11.495689391172457 -5.543463061937262 -5.527254917452547
4.29383823500047 11.465569260268975 11.491767816621701 -5.5604697608561535 -5.548516077885958
4.3135347406656095 11.472271000532357 11.489586371591743 -5.576804542503694 -5.569103485153057
4.333231246330749 11.480973889296227 11.489107206443324 -5.592477784332084 -5.5889977446710875
4.352927751995889 11.492003503152997 11.490350314087687 -5.607510242766546 -5.60818276654942
4.372624257661029 11.505707140350355 11.493397324924432 -5.621933457227257 -5.626646345512386
4.392320763326168 11.522437176743729 11.49839376590742 -5.635789929373778 -5.644380911361434
4.412017268991308 11.542531248964137 11.505549332097733 -5.649133002807441 -5.661384428694047
4.431713774656448 11.566290151221635 11.515135668695702 -5.6620263685534535 -5.677661406027244
4.451410280321588 11.593954670348886 11.527481166425185 -5.674543133228523 -5.693223954029684
4.471106785986728 11.62568288970376 11.542962353057579 -5.6867644115175935 -5.708092812011548
4.490803291651868 11.661529717843008 11.561991633494983 -5.698777442085902 -5.722298243711833
4.510499797317007 11.701430488390628 11.585001393472263 -5.7106732733961385 -5.735880691354588
4.530196302982147 11.745190384023095 11.612424824456847 -5.722544117391869 -5.748891074956235
4.549892808647287 11.79248112887585 11.644674216548065 -5.7344805167581985 -5.761390635638343
4.569589314312426 11.842845870123465 11.682117849461026 -5.7465685067245635 -5.773450249417225
4.589285819977566 11.895712471165925 11.725056923251739 -5.758886967427681 -5.785149181127055
4.608982325642706 11.950414645953598 11.773704143744313 -5.771505353072357 -5.796573302884098
4.6286788313078455 12.006219585819897 11.828165561541276 -5.784481949444874 -5.807812860548468
4.648375336972985 12.062360084498135 11.888427038022739 -5.797862756643681 -5.818959925484377
4.668071842638125 12.118068754317996 11.954346297563408 -5.811681028124621 -5.83010570789157
4.6877683483032655 12.172611807081285 12.025650982866424 -5.8259574312353415 -5.841337924695662
4.707464853968405 12.225320053089492 12.101942547898611 -5.840700738719577 -5.85273840636422
4.727161359633545 12.275615203941108 12.182705295435042 -5.855908922808742 -5.864381095140446
4.746857865298685 12.323030161829118 12.267319473365175 -5.871570506986451 -5.876330538667065
4.766554370963824 12.367222635197583 12.35507713309756 -5.887666034575369 -5.888640927079222
4.786250876628964 12.407982038614131 12.445199432967009 -5.9041695338756135 -5.901355667890097
4.805947382294104 12.445230138612223 12.536854212778248 -5.921049890731162 -5.914507448990967
4.825643887959243 12.4790162556338 12.629172922537254 -5.938272074826138 -5.928118710274167
4.845340393624383 12.509508017219142 12.72126630042139 -5.955798200265276 -5.94220242979328
4.865036899289523 12.536978698053614 12.812238507681142 -5.973588430093178 -5.9567631292527405
4.8847334049546625 12.56179211357805 12.901199699323335 -5.991601755963418 -5.97179801252023
4.904429910619802 12.584385896925511 12.987277212261924 -6.009796697132591 -5.987298165742791
4.924126416284943 12.605253823397954 13.069625674573805 -6.028131967228088 -6.003249764764482
4.943822921950082 12.62492768507781 13.147436379224407 -6.046567153318486 -6.019635251929506
4.963519427615222 12.643959083842667 13.219946229789008 -6.065063440591983 -6.036434458040484
4.983215933280362 12.662901417809804 13.286446466730832 -6.083584398695484 -6.053625655219051
5.0029124389455015 12.682292288891508 13.34629123804156 -6.1020968243024685 -6.071186532496224
5.022608944610641 12.702636554407285 13.398905909667523 -6.120571611256831 -6.089095088593613
5.042305450275781 12.724390273698498 13.443794845667764 -6.138984597897242 -6.107330436456916
5.062001955940921 12.747945844238037 13.48054825516915 -6.157317324729058 -6.125873512842202
5.08169846160606 12.77361866547442 13.508847629768852 -6.175557627905859 -6.144707684926107
5.1013949672712 12.801635687621712 13.528469303277225 -6.193699998027386 -6.163819245564813
5.12109147293634 12.832126188037334 13.539285760889793 -6.211745649929277 -6.1831977902525495
5.140787978601479 12.865115057689897 13.541264497748603 -6.22970227597221 -6.202836472176068
5.160484484266619 12.900518779420182 13.534464449321765 -6.247583488554248 -6.222732136648257
5.18018098993176 12.938144150475216 13.51903024949794 -6.265407991502694 -6.242885341748829
5.199877495596899 12.9776896644468 13.495184776212366 -6.283198548785475 -6.263300277088038
5.219574001262039 13.01874934483762 13.463220586930694 -6.300980838082936 -6.283984596171106
5.239270506927179 13.060818733775914 13.423490910318888 -6.3187822839774626 -6.304949179128368
5.2589670125923185 13.103302698205166 13.376400846986664 -6.3366309612091145 -6.3262078412450435
5.278663518257458 13.145524726309779 13.322399354422208 -6.354554645061918 -6.347776998906446
5.298360023922598 13.186737447441951 13.26197247198472 -6.372580066927542 -6.369675298632313
5.318056529587738 13.22613420189284 13.195638098182672 -6.390732412336648 -6.391923207538038
5.337753035252877 13.262861618147314 13.123942490752958 -6.409035078279853 -6.414542555103463
5.357449540918017 13.296033283718053 13.047458513460448 -6.427509689209947 -6.437556007707116
5.377146046583157 13.324744730476608 12.966785517428589 -6.446176356100585 -6.460986449164591
5.396842552248296 13.348090064486488 12.88255060418069 -6.465054150413785 -6.484856233672103
5.416539057913437 13.365180640385018 12.795410868153592 -6.484161753340485 -6.5091862731558185
5.436235563578577 13.37516618679119 12.706056050670822 -6.5035182288703375 -6.533994920771842
5.455932069243716 13.377258704893775 12.615210855025659 -6.523143855924316 -6.559296618424326
5.475628574908856 13.370759257699055 12.523635984790115 -6.543060939450758 -6.585100291349645
5.495325080573996 13.355087415772724 12.432126802814752 -6.563294503725732 -6.611407499740194
5.515021586239135 13.329812612871779 12.341508414555479 -6.583872755434135 -6.638210397868808
5.534718091904275 13.294686004812919 12.252626022534004 -6.6048271936897525 -6.66548960481374
5.554414597569415 13.249670673954464 12.166329653383395 -6.626192245032371 -6.693212153380516
5.5741111032345545 13.194967292755594 12.083452886683496 -6.648004320626152 -6.721329745572017
5.593807608899694 13.131031823059875 12.004786032947317 -6.670300236529776 -6.7497775888039
5.613504114564834 13.058581688395162 11.931045255144223 -6.693115008628177 -6.778474098248154
5.633200620229974 12.978587306180678 11.862840241652636 -6.716479127714722 -6.807321709778792
5.652897125895114 12.892247011815543 11.80064396515801 -6.7404155248772435 -6.836208946086092
5.672593631560254 12.800945197495505 11.744768512463867 -6.764936532272471 -6.865013722355238
5.692290137225394 12.70619568141009 11.695350713476119 -6.790041204909295 -6.893607693071389
5.711986642890533 12.609574506039129 11.652350262503589 -6.815713373430738 -6.92186126849848
5.731683148555673 12.512648056917241 11.615561360162697 -6.841920735234989 -6.949648811992365
5.751379654220813 12.416903189832492 11.584636957743129 -6.868615167309816 -6.97685349946182
5.771076159885952 12.323685757870555 11.559122901526415 -6.895734281420993 -7.003371387939959
5.790772665551092 12.234152616824923 11.538498045227108 -6.92320407433689 -7.02911438244248
5.810469171216232 12.149240178268665 11.52221594338748 -6.9509423871807465 -7.054011970854326
5.830165676881371 12.069650326715108 11.509744053043002 -6.978862804366904 -7.078011772141449
5.849862182546511 11.995852466101532 11.500597264155626 -7.006878604156174 -7.101079079115378
5.869558688211651 11.928098934762962 11.494363764816043 -7.034906413901332 -7.12319565553341
5.889255193876791 11.866450174252076 11.490722443556677 -7.062869306039969 -7.144358068213654
5.908951699541931 11.810805835245713 11.489452032240614 -7.09069917334854 -7.164575810285907
5.928648205207071 11.760938316229069 11.490432894785888 -7.118338322937756 -7.183869419347096
5.9483447108722105 11.71652586883754 11.493642756705121 -7.145740312801952 -7.202268731230571
5.96804121653735 11.677183182605669 11.499147796381926 -7.172870114629423 -7.219811349293966
5.98773772220249 11.64248813473898 11.507090457149873 -7.199703720822313 -7.236541358352834
6.00743422786763 11.61200406212738 11.517675167227793 -7.226227325636558 -7.252508274842202
6.027130733532769 11.585297436513102 11.531152936425022 -7.252436205724242 -7.267766200476436
6.046827239197909 11.561951190230287 11.547805578924613 -7.278333410268514 -7.282373133806857
6.066523744863049 11.541574163841275 11.567930116300428 -7.303928350691224 -7.296390390152717
6.086220250528188 11.523807254897587 11.5918237552276 -7.329235358586303 -7.30988208289535
6.105916756193328 11.508326868896289 11.619769710918073 -7.354272260662098 -7.322914625888106
6.125613261858469 11.494846237303012 11.65202405509356 -7.379059002417446 -7.335556225976555
6.145309767523608 11.48311509679438 11.688803698730338 -7.4036163384869225 -7.347876344965806
6.165006273188748 11.472918136944234 11.730275567138353 -7.427964596962571 -7.359945120752973
6.184702778853888 11.464072533891466 11.776546981735791 -7.452122517138983 -7.371832746944561
6.2043992845190274 11.456424804549545 11.827657224831604 -7.476106154566934 -7.383608818475596
6.224095790184167 11.44984714617345 11.883570229023329 -7.499927843638862 -7.395341657083302
6.243792295849307 11.44423337421958 11.944168302312242 -7.523595205939734 -7.407097634669866
6.2634888015144465 11.43949454113466 12.009246777348274 -7.547110192297643 -7.418940514487337
6.283185307179586 11.435554313697272 12.078509464877698 -7.570468148197665 -7.43093082972586
$EndRotorRadiiValues
