$SimulationHeader
$EndSimulationHeader
$Dimensions
4.1
16.2
24.0
-4.0
15.0
$EndDimensions
$ParametricEquations
8*sin(4*t) + 21.5, 8*cos(3*t) + 18.5, 0.0, 6.283185307179586
$EndParametricEquations
$DataCount
125
$EndDataCount
$XYCoordinates
21.5 26.5
23.11038816070928 26.40774659462489
24.654846840906547 26.13311405120039
26.07014572075834 25.682436316565934
27.29834229783296 25.06610752965821
28.28915405995801 24.29834229783296
29.002017057176644 23.396847860381303
29.40774659462489 22.382415700248647
29.48973205736842 21.27844202275856
29.244616950929633 20.11038816070928
28.682436316565934 18.905193350709702
27.826205895501587 17.690653424100542
26.71097986177778 16.494779741930234
25.38241570024865 15.345153159093453
23.894904983786866 14.2682879173843
22.309346575899458 13.289020138222224
20.690653424100542 12.429935018457673
19.105095016213138 11.710845940041994
17.617584299751353 11.148337507038155
16.289020138222224 10.755383049070366
15.17379410449841 10.54104541286484
14.317563683434066 10.510267942631579
13.755383049070366 10.663760469980044
13.510267942631579 10.997982942823356
13.592253405375109 11.505227070843343
13.997982942823356 12.17379410449841
14.710845940041992 12.988264647394505
15.70165770216704 13.929854279241662
16.92985427924166 14.976846787538927
18.34515315909345 16.10509501621313
19.88961183929072 17.288577779963383
21.499999999999996 18.5
23.110388160709277 19.711422220036614
24.654846840906547 20.894904983786866
26.070145720758337 22.02315321246107
27.298342297832956 23.070145720758337
28.289154059958005 24.01173535260549
29.002017057176644 24.826205895501584
29.40774659462489 25.494772929156653
29.48973205736842 26.002017057176644
29.244616950929633 26.336239530019956
28.682436316565934 26.48973205736842
27.826205895501587 26.45895458713516
26.71097986177778 26.244616950929636
25.382415700248647 25.851662492961847
23.89490498378687 25.289154059958012
22.309346575899458 24.570064981542327
20.69065342410055 23.71097986177778
19.105095016213134 22.731712082615697
17.617584299751357 21.65484684090655
16.289020138222224 20.505220258069766
15.173794104498416 19.309346575899465
14.317563683434066 18.0948066492903
13.755383049070367 16.88961183929073
13.510267942631579 15.721557977241439
13.592253405375107 14.617584299751357
13.997982942823356 13.603152139618697
14.710845940041988 12.701657702167044
15.701657702167038 11.933892470341796
16.929854279241653 11.317563683434066
18.34515315909345 10.866885948799611
19.88961183929071 10.59225340537511
21.499999999999996 10.5
23.11038816070927 10.592253405375107
24.654846840906544 10.86688594879961
26.07014572075834 11.317563683434065
27.298342297832956 11.933892470341792
28.28915405995801 12.70165770216704
29.00201705717664 13.603152139618691
29.40774659462489 14.617584299751353
29.48973205736842 15.721557977241433
29.244616950929633 16.889611839290723
28.682436316565937 18.094806649290298
27.826205895501587 19.309346575899465
26.710979861777783 20.505220258069752
25.38241570024865 21.654846840906544
23.894904983786873 22.731712082615694
22.309346575899458 23.710979861777776
20.69065342410055 24.570064981542323
19.105095016213152 25.289154059958
17.617584299751346 25.85166249296185
16.289020138222224 26.244616950929633
15.173794104498416 26.45895458713516
14.317563683434074 26.489732057368425
13.755383049070364 26.336239530019956
13.510267942631579 26.002017057176644
13.592253405375107 25.49477292915666
13.99798294282335 24.826205895501598
14.710845940041994 24.0117353526055
15.701657702167036 23.070145720758333
16.929854279241653 22.02315321246109
18.345153159093435 20.894904983786873
19.889611839290723 19.711422220036614
21.499999999999993 18.500000000000004
23.110388160709267 17.288577779963397
24.65484684090653 16.105095016213152
26.07014572075834 14.97684678753892
27.298342297832953 13.929854279241672
28.289154059958 12.98826464739451
29.002017057176644 12.173794104498409
29.40774659462489 11.505227070843343
29.48973205736842 10.99798294282336
29.24461695092964 10.663760469980048
28.68243631656593 10.510267942631577
27.82620589550159 10.541045412864838
26.710979861777787 10.755383049070366
25.382415700248664 11.148337507038146
23.89490498378686 11.710845940042002
22.30934657589946 12.429935018457671
20.690653424100553 13.289020138222206
19.105095016213152 14.268287917384288
17.61758429975135 15.345153159093448
16.289020138222227 16.494779741930238
15.17379410449842 17.690653424100528
14.317563683434075 18.905193350709695
13.755383049070364 20.11038816070928
13.510267942631579 21.278442022758544
13.592253405375107 22.38241570024864
13.997982942823349 23.3968478603813
14.710845940041992 24.298342297832967
15.701657702167036 25.066107529658204
16.92985427924165 25.682436316565934
18.34515315909343 26.133114051200383
19.88961183929072 26.40774659462489
21.499999999999993 26.5
$EndXYCoordinates
$RawThetaValues
-1.127181789976837 1.5817192834537552 -0.23602985590397402 0.1966617242552271
-1.1286102626631833 1.4831069990421946 -0.309204570025993 0.22067082185842246
-1.1318182620004433 1.3889079419922783 -0.3807812033611753 0.24008524623589617
-1.138367120027403 1.3034670266919277 -0.4474121172197424 0.25234638965072004
-1.150754303929297 1.2319662764707853 -0.5052480776106602 0.2536239955790511
-1.171950384294679 1.1798706852674843 -0.5503335466140744 0.23943803741355552
-1.2042945013397341 1.1514574942794185 -0.5796337367883622 0.20620692118227862
-1.2482203211001348 1.1480972602511241 -0.5922299077513113 0.15304516448722277
-1.3019126456393317 1.1678777544297727 -0.5895881662082805 0.08221408731240855
-1.3621654543086261 1.2069545715858283 -0.5746336098095819 -0.0021609821142430903
-1.4254817540712104 1.2612217166845434 -0.5505900895360974 -0.09570090670205805
-1.488667893282591 1.3272156973304086 -0.5203327765157912 -0.19462371353899763
-1.5489530479612152 1.4023023435221271 -0.48622323140536744 -0.2958859692989167
-0.4501519028366868 -0.39701379172530643 4.679273638176585 1.4845428734754114
-0.41361378553419553 -0.4958689008144489 4.6318147748193015 1.5724772365097621
-0.37775387141790123 -0.5904325300324701 4.593806484532497 1.6648924895572725
-0.3433718332912051 -0.6786205864787451 4.566907837510412 1.7605639371081585
-0.31089792508073383 -0.7581322715770658 4.552293705373815 1.8579353982803541
-0.28037012526902627 -0.826353033602183 4.550334420853263 1.954724675596626
-0.25146633063618246 -0.8803695526144923 4.560200914266461 2.0475114826549774
-0.2236664493314725 -0.9171915907163161 4.5795623763892985 2.1314948641843485
-0.19660099364697742 -0.9342618585409442 4.604664865035237 2.200733076339411
-0.17053259329080306 -0.9301925934649958 4.631048620389248 2.249115966973648
-0.14673019119406497 -0.9054034168427008 4.654817320769451 2.2718978928282945
-0.12741679205293568 -0.8621946156165877 4.673873932044529 2.2670591020183877
-0.11520606964999654 -0.804079231890114 4.688418918444674 2.2356994270949975
-0.11233730514415667 -0.7347459512854293 4.700508163464786 2.181324156016265
-1.5701031120487035 2.108590744713364 -0.12014012740425568 -0.65724133057653
-1.5541511551331386 2.0221938692837416 -0.1389125206144485 -0.5736648914415354
-1.5325548303337753 1.9262134868398773 -0.16810466234784793 -0.48528032593170717
-1.50388301402122 1.8239024427594162 -0.20660827086487127 -0.3928010740557144
-1.467504129444587 1.7177495138579593 -0.2530118927718434 -0.29667288248459633
-1.4234445641304112 1.6096661403712194 -0.30576891348389 -0.19728696439572746
-1.3722395676482133 1.5012098099507065 -0.36327496743181936 -0.09513169144094577
-1.3148362199230932 1.3938215101953926 -0.42386210996810164 0.009072813503205851
-1.2525953136049406 1.289113997444122 -0.48569885798610846 0.1141844845546222
-1.1874697093628044 1.1893316739243316 -0.5465330170424422 0.21825825326021506
-1.1225490999981558 1.0982839225959264 -0.6030903255407447 0.3176693054549662
-1.0633901908086656 1.0233990490786449 -0.6497081059281805 0.40509530777430214
-1.0202080627771009 0.9790511897191266 -0.6761252476319509 0.4662081534616149
-1.00585741253344 0.9837161604678448 -0.6694974788661787 0.48252160172232966
-1.021813374867558 1.0394035257762484 -0.6284270251556978 0.45194872779028905
-1.0558259791220515 1.1281603987456437 -0.5653326307444103 0.39227364497768763
-1.0967279458593426 1.2337250665430775 -0.4916812824159514 0.31945835877142176
-1.1385233555843701 1.3473340945984558 -0.4139557226531266 0.24177948075384068
-1.1782618765067918 1.4644053340349936 -0.335854468310066 0.16307097473794177
-1.214510237206513 1.5821189003021252 -0.25991250943055355 0.08505100665060147
-1.2467160710612892 1.6983022037892141 -0.18824377209151044 0.008330606647779447
-1.2749821854070762 1.8109034326842584 -0.12287675587430427 -0.06716972037584543
-1.3000033410284668 1.9177023020109687 -0.06590982391042466 -0.142022813360067
-1.3230524501352001 2.016124433762575 -0.01956194163137541 -0.2171461719393573
-1.3459508868561316 2.103119621313624 0.01387379281003413 -0.2936040617699281
-1.3709693647196521 2.175114531387641 0.03220059306470825 -0.37229064945279206
-1.4006034069887345 2.2280935984360775 0.03364908460841291 -0.4534552672266056
-1.4371643286318627 2.257907084046786 0.01737372341605813 -0.5361050356727973
-1.482150017090754 2.260925030181931 -0.015985151549206225 -0.617467545232098
-1.5354640736842435 2.235065463519893 -0.063940053042998 -0.6928769366573414
-0.12235107234260353 -0.7564633262565603 4.688412525322687 2.1809321256468506
-0.18630842152814273 -0.8026272201354797 4.6276930502868625 2.102419195304406
-0.25132361784292667 -0.8276219123099694 4.5714542081002945 2.0061598489775436
-0.3141629458124521 -0.8303618148322935 4.525317475043298 1.8999236904733463
-0.3729733403281892 -0.8121732188239096 4.493263708640325 1.790870933546252
-0.4268883717086015 -0.7759338809364236 4.477085198685027 1.6845380543230561
-0.47550349103762396 -0.7252019577403677 4.47662014248451 1.5847259555974604
-0.5184685457116106 -0.6636401060335134 4.490349113439678 1.4939280201717882
-0.555254496609768 -0.5947455402663456 4.5159865153788 1.4138849054455844
-0.5850599049518396 -0.5217752824991548 4.550911790596944 1.3460345145544657
-0.6068145980907589 -0.44774916578782026 4.5924411323631515 1.2917830464704196
-0.6192607722152744 -0.37543912706337035 4.638004612436849 1.2525903136951517
-0.6211122294906779 -0.3072805608748944 4.685299830215079 1.2298755080095016
-1.5507192792720992 1.2247608869756033 -0.6112913524450638 -0.2451788651029731
-1.5049166691610578 1.2377160750797649 -0.5892104882184607 -0.19025057886949007
-1.460964518290553 1.2682353024706676 -0.5550136084002054 -0.14262077557163289
-1.4186402356357284 1.314704550113242 -0.5096758822403505 -0.1014280143995277
-1.3772472287120727 1.374531745415523 -0.454916656744658 -0.06510297728246071
-1.3359803206349152 1.4444702516499999 -0.39297975757004217 -0.031837676265164226
-1.2942948523489208 1.5209910735326198 -0.3263850713910363 -7.834368278374586e-05
-1.2521754056195418 1.6005966188725016 -0.257726084405285 0.03109454469246507
-1.2102591465189276 1.6800459580040517 -0.1895300404312717 0.06175750863554212
-1.1698163257129481 1.7565038315993557 -0.12416398246058806 0.09110851381690134
-1.13261622596025 1.827624255525089 -0.06376998183695924 0.11758219026749508
-1.1007192737605818 1.8915639637926354 -0.010227371227963569 0.13908204480861255
-1.076239830593229 1.94691730626166 0.03485099444409182 0.15328651117899603
-1.0611190577946028 1.992579433235315 0.07008643466512555 0.1579805972250011
-1.0569344007215438 2.0275695379336374 0.09428039928400653 0.15136911421861837
-1.064756018934973 2.0508663402902743 0.10637028324868048 0.1323405776132265
-1.0850458512374366 2.0613143109665857 0.10543408336809298 0.10066657475386409
-1.1175861144037387 2.057649683699333 0.09077404132538833 0.05713089681210965
-1.1614252160002259 2.0386724858042156 0.062083638325302566 0.003578590110654367
-1.2148443393668042 2.00355519065458 0.01966377937584725 -0.057143097055744066
-1.2753758549110303 1.952229137293876 -0.03538578108276662 -0.12139811969787964
-1.339930156480414 1.8857356573372395 -0.1010920309971638 -0.1851651912250239
-1.4050814477278708 1.8064024224474704 -0.17471405905938467 -0.24460527564493273
-1.467504129444587 1.7177495138579593 -0.2530118927718434 -0.29667288248459633
-1.5244619833557478 1.624145950779238 -0.3325795177136577 -0.3395947982588503
-0.41011967241295166 -0.37307987867510883 4.708986530838777 1.5303540835111409
-0.48259223133340845 -0.39823496713064765 4.6670756885802644 1.44112577078771
-0.5472528161265228 -0.41725693634819117 4.632524229421991 1.3609356960538659
-0.601654920237647 -0.4329921250373651 4.60408060089581 1.2938251521057353
-0.6436930898864258 -0.4484238354457765 4.580128239360711 1.2432663313302688
-0.6717226413367421 -0.46612891543508916 4.559163811684981 1.2119774321935348
-0.6847225590309602 -0.48777285638646173 4.540246952593857 1.201704596359565
-0.6824107293027725 -0.5137581719747549 4.523317866956828 1.213072656039017
-0.66522480626343 -0.5431265391323103 4.5092997862194 1.2456088654984874
-0.6341579965766998 -0.5737156289617573 4.499976749775505 1.2979417285707695
-0.5905259502293584 -0.6024671937545217 4.497709481781314 1.3680580717166841
-0.5357710568496855 -0.6257684539704872 4.505061717007997 1.453466460539006
-0.4713828930962116 -0.6397826342418755 4.524364952567204 1.5511720401230744
-0.39897036753953363 -0.6408140065254486 4.557214504246694 1.657465489642816
-0.3204817275629531 -0.6257929576761442 4.6039205542699175 1.7676391307933155
-0.23851357219218539 -0.5929170733271127 4.663046668555478 1.8758575161006124
-1.5518967525830294 1.9754622608622625 -0.15656055329676183 -0.5423269131522603
-1.4792633031673006 2.0598430863100137 -0.07898067138026858 -0.4764944072677893
-1.407413010721951 2.1236266570760973 -0.01051562329319056 -0.3999626375014453
-1.340885118280664 2.1636120208691225 0.04452717109160922 -0.31837731446838385
-1.28285781057869 2.1789987225175906 0.08305250089213552 -0.237211378614352
-1.2349671596829794 2.170932538018637 0.10355444065084948 -0.16075260346097384
-1.197522400683859 2.1417519956847473 0.10602103318700173 -0.09166070959181132
-1.1698685991098408 2.0943096296754455 0.09155357701978613 -0.03103199817570707
-1.150734338265528 2.031535135263265 0.06193515884208546 0.021258338903085837
-1.1385149741469236 1.9562346741736958 0.019289918852427458 0.06613292412160142
-1.1315023544692524 1.8710528737465402 -0.03412831279562801 0.1049091125783727
-1.128084669458269 1.7785270406516498 -0.09603428506207379 0.13894665841780085
-1.1269328716506328 1.6811915199031855 -0.16412509275954756 0.16934316927642729
-1.127181789976837 1.5817192834537552 -0.23602985590397402 0.1966617242552271
$EndRawThetaValues
$ThetaValues
-0.23602985590397402 0.1966617242552271
-0.309204570025993 0.22067082185842246
-0.3807812033611753 0.24008524623589617
-0.4474121172197424 0.25234638965072004
-0.5052480776106602 0.2536239955790511
-0.5503335466140744 0.23943803741355552
-0.5796337367883622 0.20620692118227862
-0.5922299077513113 0.15304516448722277
-0.5895881662082805 0.08221408731240855
-0.5746336098095819 -0.0021609821142430903
-0.5505900895360974 -0.09570090670205805
-0.5203327765157912 -0.19462371353899763
-0.48622323140536744 -0.2958859692989167
-0.4501519028366868 -0.39701379172530643
-0.41361378553419553 -0.4958689008144489
-0.37775387141790123 -0.5904325300324701
-0.3433718332912051 -0.6786205864787451
-0.31089792508073383 -0.7581322715770658
-0.28037012526902627 -0.826353033602183
-0.25146633063618246 -0.8803695526144923
-0.2236664493314725 -0.9171915907163161
-0.19660099364697742 -0.9342618585409442
-0.17053259329080306 -0.9301925934649958
-0.14673019119406497 -0.9054034168427008
-0.12741679205293568 -0.8621946156165877
-0.11520606964999654 -0.804079231890114
-0.11233730514415667 -0.7347459512854293
-0.12014012740425568 -0.65724133057653
-0.1389125206144485 -0.5736648914415354
-0.16810466234784793 -0.48528032593170717
-0.20660827086487127 -0.3928010740557144
-0.2530118927718434 -0.29667288248459633
-0.30576891348389 -0.19728696439572746
-0.36327496743181936 -0.09513169144094577
-0.42386210996810164 0.009072813503205851
-0.48569885798610846 0.1141844845546222
-0.5465330170424422 0.21825825326021506
-0.6030903255407447 0.3176693054549662
-0.6497081059281805 0.40509530777430214
-0.6761252476319509 0.4662081534616149
-0.6694974788661787 0.48252160172232966
-0.6284270251556978 0.45194872779028905
-0.5653326307444103 0.39227364497768763
-0.4916812824159514 0.31945835877142176
-0.4139557226531266 0.24177948075384068
-0.335854468310066 0.16307097473794177
-0.25991250943055355 0.08505100665060147
-0.18824377209151044 0.008330606647779447
-0.12287675587430427 -0.06716972037584543
-0.06590982391042466 -0.142022813360067
-0.01956194163137541 -0.2171461719393573
0.01387379281003413 -0.2936040617699281
0.03220059306470825 -0.37229064945279206
0.03364908460841291 -0.4534552672266056
0.01737372341605813 -0.5361050356727973
-0.015985151549206225 -0.617467545232098
-0.063940053042998 -0.6928769366573414
-0.12235107234260353 -0.7564633262565603
-0.18630842152814273 -0.8026272201354797
-0.25132361784292667 -0.8276219123099694
-0.3141629458124521 -0.8303618148322935
-0.3729733403281892 -0.8121732188239096
-0.4268883717086015 -0.7759338809364236
-0.47550349103762396 -0.7252019577403677
-0.5184685457116106 -0.6636401060335134
-0.555254496609768 -0.5947455402663456
-0.5850599049518396 -0.5217752824991548
-0.6068145980907589 -0.44774916578782026
-0.6192607722152744 -0.37543912706337035
-0.6211122294906779 -0.3072805608748944
-0.6112913524450638 -0.2451788651029731
-0.5892104882184607 -0.19025057886949007
-0.5550136084002054 -0.14262077557163289
-0.5096758822403505 -0.1014280143995277
-0.454916656744658 -0.06510297728246071
-0.39297975757004217 -0.031837676265164226
-0.3263850713910363 -7.834368278374586e-05
-0.257726084405285 0.03109454469246507
-0.1895300404312717 0.06175750863554212
-0.12416398246058806 0.09110851381690134
-0.06376998183695924 0.11758219026749508
-0.010227371227963569 0.13908204480861255
0.03485099444409182 0.15328651117899603
0.07008643466512555 0.1579805972250011
0.09428039928400653 0.15136911421861837
0.10637028324868048 0.1323405776132265
0.10543408336809298 0.10066657475386409
0.09077404132538833 0.05713089681210965
0.062083638325302566 0.003578590110654367
0.01966377937584725 -0.057143097055744066
-0.03538578108276662 -0.12139811969787964
-0.1010920309971638 -0.1851651912250239
-0.17471405905938467 -0.24460527564493273
-0.2530118927718434 -0.29667288248459633
-0.3325795177136577 -0.3395947982588503
-0.41011967241295166 -0.37307987867510883
-0.48259223133340845 -0.39823496713064765
-0.5472528161265228 -0.41725693634819117
-0.601654920237647 -0.4329921250373651
-0.6436930898864258 -0.4484238354457765
-0.6717226413367421 -0.46612891543508916
-0.6847225590309602 -0.48777285638646173
-0.6824107293027725 -0.5137581719747549
-0.66522480626343 -0.5431265391323103
-0.6341579965766998 -0.5737156289617573
-0.5905259502293584 -0.6024671937545217
-0.5357710568496855 -0.6257684539704872
-0.4713828930962116 -0.6397826342418755
-0.39897036753953363 -0.6408140065254486
-0.3204817275629531 -0.6257929576761442
-0.23851357219218539 -0.5929170733271127
-0.15656055329676183 -0.5423269131522603
-0.07898067138026858 -0.4764944072677893
-0.01051562329319056 -0.3999626375014453
0.04452717109160922 -0.31837731446838385
0.08305250089213552 -0.237211378614352
0.10355444065084948 -0.16075260346097384
0.10602103318700173 -0.09166070959181132
0.09155357701978613 -0.03103199817570707
0.06193515884208546 0.021258338903085837
0.019289918852427458 0.06613292412160142
-0.03412831279562801 0.1049091125783727
-0.09603428506207379 0.13894665841780085
-0.16412509275954756 0.16934316927642729
-0.23602985590397402 0.1966617242552271
$EndThetaValues
$RotorRadiiValues
0.0 11.435554313697178 12.078509464877724 -1.287282841018174 -1.1477455225462703
0.050670849251448276 11.428615158817548 12.272906554812403 -1.346542705534983 -1.1796545254373692
0.10134169850289655 11.425347253093296 12.482383946140983 -1.4041734805297454 -1.213727298911196
0.15201254775434483 11.424364572691012 12.692805573160348 -1.4592435807194624 -1.2505629820279889
0.2026833970057931 11.424310353959454 12.886206208184143 -1.5103729163737238 -1.2905098887396298
0.2533542462572414 11.42542238905786 13.043174481751972 -1.5559538704868106 -1.333652801273989
0.30402509550868967 11.432412271345415 13.147834323989706 -1.5947195946262203 -1.3798210383632172
0.35469594476013794 11.456325167678536 13.193427164540992 -1.6264619195787076 -1.4286501518857861
0.4053667940115862 11.512248639557773 13.18383623593852 -1.6523233681386247 -1.4797025915818205
0.4560376432630345 11.613835169893548 13.129833972194405 -1.6744037344223095 -1.5325803120924855
0.5067084925144828 11.768900904083514 13.044082102274338 -1.6950836690374036 -1.5869662945733252
0.5573793417659311 11.97813051611158 12.938149975563295 -1.7165060596755848 -1.642606057988444
0.6080501910173793 12.235977020178876 12.821557036451424 -1.7403163137948634 -1.6992719060750878
0.6587210402688276 12.532342852903945 12.701751468176703 -1.767591072948373 -1.756736425552814
0.7093918895202759 12.854212142065096 12.584318168467378 -1.7988759864966282 -1.8147631337647083
0.7600627387717241 13.186900071210088 12.473163418921677 -1.834276301661384 -1.873114250695766
0.8107335880231724 13.514850022639914 12.370639565436857 -1.8735627530897987 -1.9315729553400094
0.8614044372746207 13.822056265894894 12.277649513182354 -1.916271280132416 -1.9899750778066703
0.912075286526069 14.09230550856773 12.193805901254517 -1.961790235014894 -2.0482405516872175
0.9627461357775172 14.309556427300024 12.117754052411401 -2.009441988793018 -2.1063875216648817
1.0134169850289656 14.458886938768018 12.047783210416297 -2.0585741141725284 -2.1645045480865814
1.0640878342804139 14.528378037360984 11.982758436531169 -2.1086710005688047 -2.222658973942955
1.1147586835318621 14.511799379948737 11.923110807423871 -2.1594707519764915 -2.2807493391300495
1.1654295327833104 14.410989512273064 11.871276467914665 -2.2110342576624538 -2.338370035343389
1.2161003820347587 14.236189645682737 11.831106301256845 -2.263709698708303 -2.3947987981959
1.266771231286207 14.003500249191921 11.806598083145753 -2.3180014351613534 -2.4491632853002807
1.3174420805376552 13.730729851094926 11.80094116978726 -2.374428691918336 -2.5007077743412567
1.3681129297891035 13.433985236658907 11.816417638000095 -2.433452258373096 -2.5490075844914974
1.4187837790405518 13.126353144651917 11.854810430045035 -2.4954721465971756 -2.594042366154916
1.469454628292 12.818378537955429 11.917707444736305 -2.5608479936355644 -2.6361466343891475
1.5201254775434483 12.519294153217292 12.006438466462805 -2.629898945712405 -2.6759031441049834
1.5707963267948966 12.238140343457138 12.121736606636285 -2.7028668468939587 -2.7140310267573216
1.6214671760463448 11.984367920952542 12.26331642530858 -2.779845849863009 -2.751291850705876
1.672138025297793 11.767827873496923 12.429492224733327 -2.8606893073023443 -2.7884188651356947
1.7228088745492414 11.598167018786667 12.616842321907848 -2.9449067799995796 -2.826068912923147
1.7734797238006896 11.483634189528031 12.819789090867953 -3.031561096118315 -2.864796858534737
1.824150573052138 11.42916772839309 13.029747195360274 -3.119158296267234 -2.9050556146320483
1.8748214223035862 11.433240705630952 13.23301450278499 -3.2054700723110505 -2.947232869130514
1.9254922715550344 11.482087623967494 13.405687614467958 -3.287124769087497 -2.991753917960469
1.9761631208064827 11.540926633898794 13.505370354790424 -3.3589502264163453 -3.0392771080310306
2.026833970057931 11.559996733274115 13.48024415124855 -3.4151713512381185 -3.090714914553789
2.0775048193093792 11.525410085836038 13.326326924823455 -3.4554045846268426 -3.1464791167338406
2.1281756685608277 11.47230051565437 13.096502058638267 -3.4853079897719135 -3.2061310417101327
2.178846517812276 11.433817646454917 12.840003916523377 -3.5101347247670383 -3.2690808933239315
2.2295173670637243 11.425161610789477 12.585398025421954 -3.5329569149606446 -3.334817568455093
2.2801882163151723 11.450621909273258 12.348774078049582 -3.555508405200257 -3.4027850637375163
2.330859065566621 11.509487037134207 12.139634897419246 -3.578797213898537 -3.4722874752766897
2.381529914818069 11.59918218137264 11.963313228960887 -3.6033804880809717 -3.5424573852333117
2.4322007640695174 11.71703375997653 11.821912923346428 -3.6295044030037484 -3.6122677513545134
2.4828716133209654 11.861328115864383 11.714834318167034 -3.6572058711713833 -3.680574190157244
2.533542462572414 12.031834967169317 11.639378170316 -3.6864120208253848 -3.7461791244481812
2.584213311823862 12.229717083794204 11.591669062525863 -3.717047824305052 -3.807913689791786
2.6348841610753104 12.456601710971102 11.56796289580502 -3.749145543409767 -3.8647419211440064
2.6855550103267585 12.712567046925189 11.566163830999326 -3.7829288561194305 -3.915902070076939
2.736225859578207 12.993085735534157 11.58700710356893 -3.81882152880782 -3.961097253860774
2.786896708829655 13.285803365667954 11.634002110155324 -3.8573299839245108 -4.000705858210228
2.8375675580811035 13.56921110746311 11.711411173290207 -3.898810636807624 -4.035894622402148
2.8882384073325515 13.815514458001958 11.820854619965866 -3.943250467474233 -4.068464224099216
2.938909256584 13.997729035871734 11.958853343122595 -3.990243806511893 -4.100385420969418
2.989580105835448 14.097379451158536 12.117386800196373 -4.039213538359297 -4.133259083020452
3.0402509550868966 14.108340928798588 12.28682467576868 -4.089710126403265 -4.168027956673507
3.0909218043383446 14.035711981480747 12.458665773987006 -4.141582871520968 -4.205031427304908
3.141592653589793 13.892054799583406 12.626509065028435 -4.19496807839251 -4.244236414640879
3.192263502841241 13.693679055968442 12.785566752931798 -4.250168000051617 -4.2854554758305206
3.2429343520926897 13.458102843927994 12.931698525293976 -4.3075057706131705 -4.32847794077785
3.293605201344138 13.202574348389614 13.060611716269309 -4.367198334988835 -4.373126143026929
3.344276050595586 12.943148108386486 13.167431801599172 -4.429258431959556 -4.419271702178492
3.3949468998470347 12.69390489672111 13.246647627535575 -4.493431367575839 -4.466838914409776
3.4456177490984827 12.466134008587321 13.292417416410425 -4.559180599258033 -4.515809408411308
3.496288598349931 12.267530529877385 13.299253079570718 -4.625742750996078 -4.566231984528695
3.5469594476013793 12.101652208632586 13.263073713823468 -4.692263236259447 -4.618233567314062
3.5976302968528278 11.967954978657653 13.182466308597544 -4.757990010397272 -4.672020851033556
3.648301146104276 11.862586223238981 13.059756792318936 -4.822458011895556 -4.727859951797434
3.6989719953557243 11.779782907699916 12.901391550654292 -4.885579996821226 -4.786026915022319
3.7496428446071723 11.713429854125959 12.717362037638047 -4.947601106788737 -4.846734122650643
3.800313693858621 11.658320325826628 12.519846440173763 -5.008947412092694 -4.9100487152526044
3.850984543110069 11.610881536311672 12.321519439776555 -5.070040563537182 -4.975822947131115
3.9016553923615174 11.569344019259127 12.1339432791729 -5.131139784650232 -5.04365443644722
3.9523262416129654 11.533435175149576 11.966286358881135 -5.1922402269265415 -5.112889666415311
4.0029970908644135 11.503734919512054 11.824509785310495 -5.253034941023022 -5.182675475913779
4.053667940115862 11.480918008874616 11.711116507108779 -5.312939252635196 -5.252048967138565
4.1043387893673104 11.465187756403836 11.625484278865754 -5.371169817664143 -5.320041067863871
4.1550096386187585 11.45618138472967 11.564679355995992 -5.426861070650201 -5.385762988733967
4.2056804878702065 11.453448524001146 11.524539796624163 -5.479195038750135 -5.448454184657916
4.2563513371216555 11.457332503807487 11.500801630756987 -5.527523991399846 -5.507490674174223
4.3070221863731035 11.469848748553538 11.490118566471814 -5.57147744877739 -5.562372173071019
4.357693035624552 11.495060256881304 11.490917624980257 -5.611054168326778 -5.612716289736527
4.408363884876 11.53853558630228 11.504047386980776 -5.646694084232456 -5.658285664399465
4.4590347341274486 11.605749009949799 11.533079930273413 -5.679304331008927 -5.699060489952018
4.509705583378897 11.699745172078714 11.58399105159919 -5.71019470330998 -5.7353444566202185
4.560376432630345 11.818939418546242 11.663936334728302 -5.7408903658748835 -5.767859364377179
4.611047281881793 11.956226510777162 11.779140207481555 -5.772848095893044 -5.797758718735898
4.661718131133242 12.100191256956315 11.932477874257366 -5.807174211990102 -5.826504977691157
4.71238898038469 12.238140343457138 12.121736606636285 -5.844459500483752 -5.855623680347115
4.763059829636138 12.3596282572987 12.33931157571438 -5.884779788041838 -5.886428421675216
4.813730678887586 12.458988026703274 12.573304768883819 -5.9278166335592495 -5.9198302603340345
4.864401528139035 12.53613619121513 12.809330564669898 -5.9730108472472345 -5.956285995374085
4.915072377390483 12.595842398366026 13.032287571364783 -6.019688835999503 -5.995862157396268
4.965743226641931 12.646092004885253 13.227767851698696 -6.067153929357785 -6.038356182337755
5.01641407589338 12.696106424468992 13.383168804103203 -6.114766620507069 -6.083426374988798
5.067084925144828 12.754357657383292 13.488671311339015 -6.162033686979588 -6.130706681559692
5.117755774396276 12.826786083748187 13.538075840848215 -6.208696082236031 -6.179897500882501
5.168426623647724 12.915437562442209 13.529268946121036 -6.2547764093442835 -6.230827286773712
5.219097472899173 13.017741826421366 13.464087112368635 -6.300550507928727 -6.283480910772427
5.269768322150621 13.12653540329607 13.34761268951603 -6.346449050310043 -6.337996495887911
5.320439171402069 13.230736313881598 13.1872391488342 -6.392938006818009 -6.394639225822366
5.371110020653517 13.316474551911783 12.991915996290285 -6.440434357991145 -6.45376047908548
5.421780869904966 13.368565700752029 12.771818036575182 -6.489287963226078 -6.5157411602778526
5.472451719156414 13.372414397260771 12.538422900624726 -6.539827792355553 -6.5809042891775755
5.523122568407862 13.316565295822421 12.30469327187349 -6.5924436681296 -6.649373956402994
5.57379341765931 13.195924431008347 12.084758247862732 -6.647648771836733 -6.720873419038782
5.624464266910759 13.014927821365317 11.89237554967777 -6.706046537743304 -6.794514600501708
5.675135116162207 12.78888017209855 11.738028279209637 -6.7681432330609566 -6.868717862606135
5.725805965413655 12.541511116230684 11.625906699790761 -6.834047338388341 -6.941413302307996
5.776476814665103 12.298725963195299 11.553004169850057 -6.903234781822149 -7.0105103668052084
5.827147663916552 12.081478900603722 11.511427994056852 -6.97457634694347 -7.074394209175835
5.877818513168 11.9015054696393 11.492536235904446 -7.046644836732616 -7.132186109702517
5.928489362419448 11.761318172040612 11.49041610135859 -7.118116320406503 -7.183717448358817
5.979160211670896 11.657053873311451 11.503320070046822 -7.188055633767609 -7.229352534149402
6.029831060922345 11.581907047125634 11.533241595246938 -7.256004913735231 -7.26980592805784
6.080501910173793 11.528716192644614 11.584481576641936 -7.321916830128934 -7.306015421547465
6.131172759425241 11.491367768789488 11.66193877676096 -7.386012847861086 -7.339063213925195
6.181843608676689 11.465278916493707 11.769530074461338 -7.448626879764872 -7.37011568265683
6.232514457928138 11.447335287326602 11.908907596445378 -7.510062362855432 -7.400359778716146
6.283185307179586 11.435554313697178 12.078509464877724 -7.57046814819776 -7.430930829725856
$EndRotorRadiiValues
