$SimulationHeader
$EndSimulationHeader
$Dimensions
4.1
16.2
24.0
-4.0
15.0
$EndDimensions
$DrawingSource
./InputImages/catAI.svg
$EndDrawingSource
$DataCount
269
$EndDataCount
$XYCoordinates
13.0 13.120050619357038
13.0 13.120050619357038
13.0 13.120050619357038
13.0 13.120050619357038
13.0 13.120050619357038
13.093299019249958 12.657856951643913
13.347764717334696 12.280353362050082
13.725250054756515 12.025796403105304
14.187607992017718 11.93244262733932
17.59380399600886 11.93244262733932
21.0 11.93244262733932
24.40619600399114 11.93244262733932
27.812392007982282 11.93244262733932
28.27458567569541 12.025741646589276
28.652089265289238 12.280207344674015
28.906646224234017 12.657692682095835
29.0 13.120050619357038
29.0 13.892385193838066
29.0 14.664719768319095
29.0 15.437054342800126
29.0 16.209388917281156
28.906700980750042 16.671582584994276
28.652235282665306 17.04908617458811
28.274749945243485 17.30364313353289
27.812392007982282 17.39699690929887
26.865323306806843 17.39699690929887
25.918254605631404 17.39699690929887
24.971185904455965 17.39699690929887
24.024117203280525 17.39699690929887
23.967541554111605 17.395755761602295
23.91114842666277 17.39203231851257
23.854974325278043 17.38582658002969
23.799055754301428 17.37713854615366
23.522012119442213 17.32768732812538
23.244968484583 17.2782361100971
22.967924849723786 17.228784892068823
22.690881214864568 17.179333674040542
22.559526416976954 17.143115280718405
22.437881774597844 17.084081672385683
22.32894064393663 17.003948553211167
22.2356963812027 16.904431627363657
22.186342508091798 16.84096274123287
22.136988634980895 16.77749385510209
22.087634761869996 16.71402496897131
22.038280888759097 16.650556082840524
21.992595702221898 16.569893650677763
21.972135017400404 16.481273271519314
21.97744639945487 16.390462631719842
22.009077413545548 16.303229417634032
22.07595337178458 16.17853057847217
22.14282933002361 16.05383173931031
22.20970528826264 15.92913290014845
22.27658124650167 15.80443406098659
22.29066583923487 15.779696283857778
22.306028084008666 15.755761602297337
22.322631476479035 15.732703024993306
22.340439512301963 15.710593560633715
22.440412742449688 15.59251417585359
22.540385972597406 15.47443479107347
22.640359202745127 15.356355406293348
22.74033243289285 15.238276021513226
22.801264267114455 15.146546689055993
22.839088851573337 15.044705653306076
22.852747560293007 14.936950913825408
22.841181767296973 14.82748047017595
22.828818962789903 14.772383246939716
22.816456158282836 14.717286023703487
22.804093353775766 14.662188800467254
22.791730549268696 14.60709157723102
22.74829037988854 14.496824122070523
22.67520868316663 14.406853082183442
22.578618188897813 14.342727117860358
22.464651626876933 14.309994889391835
22.415200408848655 14.303764814679612
22.365749190820374 14.297534739967388
22.316297972792096 14.291304665255163
22.26684675476382 14.285074590542939
22.21631865858704 14.282488866175076
22.166338127570516 14.287459541018713
22.117744761626636 14.299804093353773
22.07137816066779 14.319340001460171
21.98172349176219 14.365286802462824
21.892068822856587 14.411233603465478
21.80241415395099 14.457180404468131
21.71275948504539 14.503127205470783
21.680100265264905 14.535573483244507
21.672848068920203 14.577839429558782
21.689542722250618 14.61740405441581
21.728724051495465 14.64174636781777
21.826847728212996 14.666277286997152
21.924971404930524 14.690808206176534
22.02309508164805 14.715339125355916
22.121218758365583 14.739870044535298
22.258535932442634 14.81461268890998
22.33839526903702 14.939475797619917
22.351524664768444 15.087190625684455
22.288652016256606 15.230488428122946
22.262855613151302 15.263293665279502
22.237059210046 15.296098902436055
22.2112628069407 15.32890413959261
22.185466403835395 15.361709376749166
22.13845489279891 15.413582049597235
22.04679856902972 15.488744493928111
21.953024993307544 15.56288481662651
21.899661726412116 15.61169112457716
21.757538147039504 15.80969068652503
21.61541456766689 16.0076902484729
21.47329098829428 16.205689810420772
21.331167408921665 16.403689372368643
21.28338930666083 16.50946070915772
21.272809130953256 16.621985349589934
21.29880630795065 16.73195468594096
21.36076026380473 16.830060110486478
21.58114307269232 17.07816796865493
21.80703803752647 17.33927137329342
21.974307025869415 17.545618261906498
22.0188119052834 17.62945657199873
21.941100240928677 17.703463045435736
21.777347837726026 17.899978097393586
21.55540751016038 18.18074517534253
21.303132072716657 18.507507726752813
21.029246063614906 19.00108904626317
20.9112701078095 19.541651456523322
20.95164999634957 20.093530213428732
21.152831520284252 20.62106057287484
21.31403470346305 20.908520113893555
21.47523788664185 21.195979654912264
21.63644106982065 21.483439195930977
21.797644252999444 21.770898736949693
21.893176121291766 22.00371127497505
21.92964396096469 22.249154316030268
21.906828745954105 22.496203548222237
21.82451145019591 22.73383465965783
21.73427271178604 22.918108588255333
21.644033973376168 23.10238251685284
21.553795234966298 23.28665644545034
21.46355649655643 23.470930374047843
21.43535689080334 23.52093524129371
21.401791146479766 23.56725316979387
21.363187802681857 23.609409603076095
21.319875398505758 23.64692998466817
21.17901730305907 23.75585894721472
21.038159207612374 23.864787909761258
20.897301112165685 23.9737168723078
20.756443016718993 24.082645834854347
20.69849845464944 24.136051690151124
20.6509211262807 24.198291596700006
20.61473315324524 24.267832372052276
20.59095665717554 24.343140833759218
20.57285050254314 24.42452118468764
20.554744347910738 24.50590153561607
20.536638193278336 24.5872818865445
20.518532038645937 24.668662237472923
20.523703487381667 24.766329609890242
20.575089435642845 24.842860967121755
20.657285050254316 24.884567180161103
20.754885498040935 24.877759120001947
21.045265386581004 24.775060232167625
21.335645275121074 24.672361344333307
21.626025163661147 24.569662456498985
21.916405052201213 24.466963568664667
22.03550655861381 24.440424910564353
22.15577620403495 24.44272468423742
22.272103380302255 24.473205811491567
22.379377479253364 24.53121121413448
22.484120610352633 24.60529069625952
22.588863741451902 24.67937017838456
22.693606872551168 24.753449660509595
22.798350003650434 24.82752914263464
22.906524543087293 24.892829330023606
23.022438003455747 24.941666058260928
23.144192158866908 24.9733457448103
23.269888783431895 24.987174807135382
23.42943710301526 24.993307536930228
23.588985422598626 24.999440266725074
23.74853374218199 25.005572996519916
23.90808206176535 25.011705726314762
24.026465649412284 25.034210654401203
24.130904577644742 25.089240953006737
24.215047090603782 25.17208756175318
24.272541432430458 25.278041420262344
24.288798033632673 25.439244603441143
24.30505463483488 25.600447786619938
24.32131123603709 25.761650969798737
24.3375678372393 25.922854152977536
24.361386921710356 25.97524397069918
24.40838626463216 26.0
24.461153293908644 25.99387335426249
24.502275437443725 25.95361514686914
24.61081502032075 25.781898712613465
24.719354603197782 25.61018227835779
24.827894186074815 25.438465844102115
24.93643376895184 25.26674940984644
24.943515611691126 25.254867245868923
24.950159402302205 25.242656542795256
24.95636514078509 25.23022681365749
24.962132827139765 25.217687571487673
25.035725584677913 25.042174685454235
25.109318342216056 24.866661799420793
25.182911099754207 24.69114891338736
25.25650385729235 24.51563602735392
25.26768027061887 24.33191574797401
25.27874717091334 24.138959869557805
25.280541967827507 23.94052833953907
25.26390207101312 23.740381105351535
25.231680903360836 23.51600107079409
25.19945973570855 23.291621036236645
25.16723856805627 23.067241001679196
25.13501740040398 22.842860967121755
25.11785427465869 22.5399479204692
25.152490813073424 22.24068530821834
25.23757635491957 21.951643912292226
25.3717602394685 21.679394514613904
25.429096395804436 21.584580565087244
25.48643255214037 21.489766615560587
25.54376870847631 21.394952666033923
25.60110486481225 21.30013871650726
25.605126426711447 21.29335499257745
25.609038475578593 21.286461755615584
25.61287751575771 21.279495509965688
25.61668005159281 21.27249275997177
25.750042588401353 21.08646662286145
25.8834051252099 20.90044048575114
26.016767662018445 20.714414348640823
26.150130198826993 20.528388211530505
26.231236767175297 20.39315178506242
26.288798033632666 20.247548124893523
26.321901389598693 20.094497578545177
26.32963422647295 19.93692049353873
26.32320946192597 19.736779343408536
26.31678469737899 19.536638193278332
26.310359932832007 19.336497043148132
26.303935168285026 19.136355893017935
26.264127181134555 19.003017692438732
26.207125647952104 18.87683434328685
26.133697159962033 18.759412036699036
26.044608308388696 18.652356963812025
25.83323598841595 18.4381433890633
25.609379182789418 18.22214110145774
25.422464773308022 18.050309070112675
25.3219196417707 17.968606264145432
25.07219342435083 17.88088632547273
24.738726241756098 17.80565087245382
24.40978559781947 17.743556983281007
24.1736389963739 17.695261736146602
24.14938794383198 17.689573142537295
24.125063882602028 17.68479715752841
24.10059380399601 17.68097028546397
24.075904699325886 17.678129030687984
23.662383490302012 17.639775133240853
23.248862281278136 17.601421235793726
22.835341072254263 17.563067338346595
22.42181986323039 17.52471344089947
22.40751016037575 17.523466209145553
22.39320045752111 17.522620525175828
22.37889075466647 17.522139884646275
22.36458105181183 17.521987783212868
20.3203377868633 17.521987783212868
18.27609452191477 17.521987783212868
16.231851256966245 17.521987783212868
14.187607992017718 17.521987783212868
13.725414324304593 17.428688763962914
13.347910734710764 17.17422306587817
13.093353775765983 16.796737728456353
13.0 16.334379791195154
13.0 15.530797498235623
13.0 14.727215205276094
13.0 13.923632912316565
13.0 13.120050619357038
$EndXYCoordinates
$RawThetaValues
-1.5207953855043241 2.314693617145408 -0.04080878651325191 -0.7347051355731905
-1.5207953855043241 2.314693617145408 -0.04080878651325191 -0.7347051355731905
-1.5207953855043241 2.314693617145408 -0.04080878651325191 -0.7347051355731905
-1.5207953855043241 2.314693617145408 -0.04080878651325191 -0.7347051355731905
-1.5207953855043241 2.314693617145408 -0.04080878651325191 -0.7347051355731905
-1.542840617147003 2.3086133947830807 -0.06177171173407594 -0.7716330700743663
-1.5676742656047855 2.2883428716536076 -0.08637396228592137 -0.8007984459545211
-0.11082806927461608 -0.8184086676255166 4.691417139278956 2.2574050840400632
-0.13170809611662448 -0.8213701185354818 4.671847279343172 2.2199166481722363
-0.2523684619160706 -0.772577240441194 4.585875950359807 1.9644920752951378
-0.36787028422809087 -0.7020614178722873 4.542898172152036 1.7354966522064394
-0.4833637616156101 -0.6128331972442161 4.534429659543934 1.522306441582747
-0.6038148500988576 -0.5040192236151632 4.555971367600511 1.3145830875270237
-0.6190408724161249 -0.4827776877595135 4.564916536732874 1.2870606984864696
-0.6283830862415548 -0.45609983637602675 4.579802981334004 1.265927077878683
-0.6312974966841204 -0.4275089849874665 4.598351774074043 1.252970608787596
-0.6270106823734 -0.40041643144079825 4.618325082315168 1.2501381777927727
-0.6147068076159995 -0.3604877229514192 4.649790990884005 1.2539792526296316
-0.6035682793081718 -0.31992687229600786 4.681523474920791 1.2562894143188335
-1.5696308513440576 1.25703029675345 -0.5936377946796342 -0.2787062891873483
-1.5372614694233773 1.2561555276256127 -0.584962380702575 -0.23678672416177174
-1.5189897226913642 1.2609939534460808 -0.5763245630458912 -0.21471558559354303
-1.506314083687002 1.2763041560585353 -0.5617568629928973 -0.2027824491486413
-1.5001408908038196 1.2999263081723 -0.5430850153923776 -0.20155956077870393
-1.5013192284686978 1.3295562188811834 -0.5223379861667372 -0.21162077992682501
-1.509906009534242 1.3901988616477767 -0.4823659851390553 -0.24087820273128083
-1.5159642233407318 1.4498644793642927 -0.44332408041878213 -0.26756012953401326
-1.5196050899685287 1.508866281270144 -0.40499513037828405 -0.2918738480271636
-1.5208970017436638 1.5674635850903147 -0.3671977046403383 -0.31396563788452353
-1.5209525248870197 1.5709600158437669 -0.3649691560998761 -0.31528904324086954
-1.5211033533326204 1.574452197370182 -0.362781508835769 -0.3167444059487781
-1.5213495260453156 1.5779378578044034 -0.36063657527736137 -0.3183313055372871
-1.521691102376307 1.58141468576962 -0.3585362019515715 -0.32004933650770534
-1.5235299179457722 1.5986507625433797 -0.3482474366992933 -0.32883546359865196
-1.5251682302717884 1.6158765800221846 -0.3380119096056278 -0.3374640663098076
-1.5266062968684952 1.6330987143565734 -0.32782580571131703 -0.3459381633465923
-1.5278441302394086 1.650323555249881 -0.3176854522436993 -0.35426048414319555
-1.5288916688988667 1.6585263919141096 -0.3130794957032986 -0.35890490292648164
-1.5308802195360405 1.6661879198470722 -0.3092047402153614 -0.3646802260086806
-1.5337600634287063 1.6731106067346826 -0.3061653490234187 -0.37144336559701435
-1.537484413615947 1.6790936122137967 -0.3040650655251028 -0.3790504377650532
-1.5398947685940574 1.6822739614693307 -0.3031379084256379 -0.3837139848992327
-1.5422987586500287 1.6854465130818577 -0.302225412693836 -0.388378030835929
-1.544696443828091 1.6886113607415187 -0.3013275864184833 -0.39304273739829976
-1.5470878831600565 1.6917685968046396 -0.3004444394295026 -0.3977082658044056
-1.5502068326210843 1.694713050705944 -0.2999997150474468 -0.4033269447846819
-1.5537847766343966 1.6960863524151246 -0.30067913370697025 -0.4089576091666981
-1.5575896028807628 1.6958417392370224 -0.3024062109721411 -0.4142448995001331
-1.561383607919016 1.6939381367188564 -0.30509917959912647 -0.4188282706472056
-1.5669141243423137 1.689834403529513 -0.30979970598001233 -0.42495558026204583
-0.31452305595556335 -0.4310540997622228 4.710748699166304 1.6856870893831704
-0.3192689376241678 -0.4371235150691547 4.7052344631773915 1.6814963870325854
-0.32403705824043655 -0.44316351161811063 4.6997286933777 1.6772624931655808
-0.3250165604676241 -0.444341969508929 4.6986338665453244 1.6763666219968363
-0.32603075321694686 -0.44544642108940363 4.697567360964381 1.6753903752470447
-0.3270767533196415 -0.4464731119500096 4.696532551946371 1.6743362569869453
-0.3281516803478452 -0.44741830059167353 4.695532821785585 1.6732067884396205
-0.33408403629726463 -0.4523396323225424 4.690186710129207 1.6668496525646912
-0.3400285001532075 -0.4572112006604779 4.68486485219335 1.6604548991108272
-0.3459847610004831 -0.4620327169967231 4.679567631271926 1.6540229336783723
-0.35195251235838193 -0.46680389804321515 4.674295430260148 1.6475541623551884
-0.35597082086845705 -0.4708380600924639 4.670267902258815 1.6435424878930285
-0.35933058993653416 -0.4759435379770116 4.665893595087341 1.6409138895380255
-0.361922805307236 -0.4819114245464191 4.661343316514334 1.6397392821637242
-0.36363675114868377 -0.4885319808039175 4.656792146168565 1.6400947222340054
-0.3642683169817054 -0.49200962871318443 4.654519693570137 1.6406683517118232
-0.3649080636922104 -0.4954882268692844 4.652246798527154 1.6412343081144345
-0.36555599632284225 -0.4989677952037057 4.649973440025264 1.6417925853163349
-0.366212119998415 -0.5024483534160631 4.647699597124937 1.642343176952792
-0.36686281266957266 -0.5098357425574606 4.643204926988886 1.6445852032869817
-0.36604206961211144 -0.5167111433917275 4.639659560968507 1.64873598115833
-0.3638494008083432 -0.5226072457215429 4.637292932163182 1.654458123486588
-0.36037741673012935 -0.5270475271643867 4.636334874126078 1.6614123309705424
-0.3587044289316117 -0.5285020658530666 4.636264995238001 1.6644699785696628
-0.35703240664593033 -0.5299527617374877 4.636201521720787 1.6675292232225516
-0.3553613345844823 -0.5313996222032006 4.6361444639300045 1.6705900979589297
-0.3536911975138537 -0.5328426544559947 4.636093832422493 1.6736526357748411
-0.3519040977432539 -0.5340904431455323 4.6362080018461 1.6768016936585854
-0.34997410061363465 -0.53487614582056 4.636644863124452 1.6799542547415849
-0.34793487108167115 -0.535191105747735 4.637392677368099 1.6830562584443693
-0.34582055857224503 -0.5350271360873133 4.6384391981289195 1.6860531220541946
-0.34155321726342686 -0.5342066913757921 4.6408240544705786 1.6918848749931508
-0.337282799681828 -0.5333588760491608 4.6432311717785035 1.6977145945560426
-0.33300926807802095 -0.5324836433409402 4.64566050761329 1.7035422292864166
-0.3287325859586739 -0.5315809463433863 4.648112018479733 1.709367725274652
-0.3268355669102199 -0.5303075806043512 4.649672308968995 1.7115516690733334
-0.3256616936977327 -0.527930926448931 4.6514957775416015 1.7121723567030065
-0.3254298828867746 -0.5252330144062828 4.653061794669009 1.7112722725987237
-0.326353807465919 -0.5229912704287132 4.653855104934794 1.7088999143077952
-0.3294479696380281 -0.5195427209485027 4.654326151044089 1.702828248764771
-0.3325484894703305 -0.5160819944730565 4.654822464380994 1.6967633157939266
-0.3356554727296555 -0.5126089836514588 4.655343955709254 1.6907048130412645
-0.3387690265511262 -0.5091235785433245 4.655890539703316 1.6846524381057213
-0.34231513936521696 -0.5018448907845391 4.658393703109187 1.6763308009387161
-0.34276277892547924 -0.4928213950493206 4.663284175702502 1.6717501382365507
-0.3403321592951875 -0.4838620401761804 4.6694187046587725 1.6713559319499722
-0.33519806347764314 -0.4767300475113096 4.675690154011082 1.675629484454955
-0.3336003371648039 -0.4753257612453016 4.677177680222709 1.6773104507134133
-0.33200359483310166 -0.4739179392868211 4.678666813670822 1.6789885045347483
-0.33040784325947553 -0.47250658805380763 4.680157546624022 1.6806636378285607
-0.32881308924076363 -0.4710917139918619 4.681649871353502 1.6823358425148074
-0.32605984501701557 -0.46897161642709023 4.684042699204034 1.6853618170243156
-0.3211886545038856 -0.4663448134225709 4.687637753774246 1.6912012591031382
-0.316258256456516 -0.46378523427651486 4.691222632960314 1.6971569571905196
-0.31332867663123315 -0.46192003453506963 4.693548981669502 1.7005476859835449
-0.3042725515609453 -0.45284219084878 4.702617410422121 1.709594396120163
-0.2952611420229656 -0.4436545778581909 4.711728647952321 1.7185294301977532
-1.5623040849451957 1.7273513283933106 -0.28629595074619874 -0.43435871049491176
-1.5531116300911003 1.7360586573592753 -0.27737849149937993 -0.42495612535996224
-1.5483845407520918 1.7389070120382712 -0.2737173910904705 -0.4194162902910402
-1.54363961149529 1.739392773508678 -0.2713950828272669 -0.4128348142414417
-1.5392607781377647 1.737572126523601 -0.2705572370035328 -0.40579748807510535
-1.535620377330938 1.7335129844373982 -0.2713386199916545 -0.39887932817019756
-1.526770697898402 1.7192172918228554 -0.27593741836157987 -0.38033275449304405
-1.517282059514124 1.7044410199241218 -0.28079078064682306 -0.3609212064952756
-1.5096259886713053 1.6933749935219509 -0.28436351392373144 -0.3457718425271942
-1.5063766834351777 1.6903032193150054 -0.2849364058126853 -0.3400236549730753
-1.5029172992106368 1.694794719725326 -0.28085187238535403 -0.3369712377315234
-1.4939074503019938 1.7040137325437206 -0.27171538361803066 -0.3280439128739516
-1.4810175904183847 1.7162428430581675 -0.25922563687989986 -0.3148934167666588
-1.4659431168551926 1.729802442856871 -0.2450691209144729 -0.29922202703674333
-1.4437491508156293 1.7430871067581397 -0.22829160763906767 -0.2735352116230433
-1.4207005428239077 1.7456922877196925 -0.21778413008786435 -0.24258430704167122
-1.398325384623134 1.7377610760106483 -0.21427827672077812 -0.20877208376476725
-1.3779298786955239 1.7196279427327792 -0.21832456079635965 -0.17428972863486947
-1.3670079076276063 1.7063550084084527 -0.22299626311031992 -0.15476652555658557
-1.3559567574517888 1.6928906005230417 -0.22792821602820038 -0.1351829204132375
-1.3447693521893807 1.6792250949493612 -0.2331235263971668 -0.11552531994611548
-1.3334380515868685 1.6653480388817326 -0.2385860193947587 -0.0957794562735666
-1.3240253540363833 1.6560708553563412 -0.24173485623093327 -0.08023841203386473
-1.313811345050948 1.650028120977374 -0.242520813543239 -0.06476762598176788
-1.3032966905612098 1.6473901255250913 -0.24095459354815035 -0.05004875604465832
-1.2929636264793674 1.6483518026664956 -0.23702342050005085 -0.036746196056120485
-1.2848467465547582 1.650583980886153 -0.23293746370542595 -0.026775537556543848
-1.2767127744269653 1.652715236059091 -0.22892380844955795 -0.016759165345820955
-1.268561529236619 1.6547450801903978 -0.22498315192724094 -0.006697107764464671
-1.2603928041921517 1.6566730126307485 -0.22111619624494058 0.0034106405219523797
-1.2581593696725324 1.6574022747900612 -0.21992094238072427 0.0061100667464754205
-1.2560614359925948 1.658519434796592 -0.21850022169794117 0.008511561102665271
-1.2541197552404197 1.660015070059244 -0.2168666038780893 0.010591224412040154
-1.2523548410067356 1.6618798155914127 -0.21503273680119686 0.012325260190448016
-1.2471507567121405 1.668169810058412 -0.20907877016375795 0.017193316655482755
-1.2419132118181586 1.6744093309694779 -0.20314954644711625 0.022120564355040437
-1.2366425990905279 1.680598044506276 -0.19724535966789714 0.027106650325092126
-1.231339308564571 1.6867356142295447 -0.1913665095668092 0.03215122122886847
-1.2287835796183124 1.6890630867625611 -0.18896823599679294 0.034777751212126645
-1.2259009102776905 1.690572543293544 -0.1870330891391307 0.03808611087942805
-1.222763552614826 1.6912328067564497 -0.1856060426019984 0.041990251616519224
-1.2194424915963096 1.691013234201521 -0.1847320742452263 0.04640485354673648
-1.2158895328524233 1.6903054602067382 -0.1841277167862666 0.051269943744365026
-1.2123331861493836 1.6895783125091517 -0.1835398953234757 0.056141259607782185
-1.2087733682451811 1.6888317246995712 -0.18296866624159863 0.061018894403442374
-1.2052099944466257 1.688065628346605 -0.18241408709850715 0.06590294369805558
-1.2010621443452656 1.6855205984333301 -0.18292571277674244 0.07208419803445495
-1.1980323767678098 1.6806898355889115 -0.18538092027455735 0.07748952095851469
-1.1966203102367752 1.6748192310918064 -0.18906260216294238 0.08109051009826923
-1.1973399141042231 1.669154829967371 -0.19324726766284878 0.08185064185535039
-1.2029160886469796 1.6541606012675656 -0.20543750216728573 0.07907846150796233
-1.2083241313801454 1.6390535449332704 -0.2176763426263336 0.07653863465004383
-1.2135614062977398 1.623832934404502 -0.22996490739388825 0.07423340549366325
-1.2186252136390319 1.6084978290365972 -0.24230447367038405 0.07216513724378003
-1.2199677984875072 1.6018267631170937 -0.247429833364827 0.07236825862036517
-1.2200111912311569 1.5944220212645321 -0.2527083754447811 0.0744510656493231
-1.2187692644299148 1.5866064678656113 -0.2579223117449687 0.0782946095492984
-1.2162607380590016 1.5786982622787715 -0.2628579338342856 0.08377571941773453
-1.2129898592632942 1.5705429011470415 -0.2677761579926054 0.09028373518685202
-1.2096667296605674 1.5623453266559015 -0.27273428953599205 0.09684630773733229
-1.2062903465107588 1.5541037503144417 -0.27773346725803183 0.10346508950656093
-1.2028596504983737 1.5458163067506103 -0.28277488456796523 0.11014181177284386
-1.199766043885971 1.5374801816480825 -0.2879679618850594 0.11637846617068043
-1.1973513965900882 1.52901799031708 -0.2934599173125297 0.12176334937009539
-1.1956515831204189 1.5205726324099422 -0.29915277341565377 0.1262156646437784
-1.1947055081796185 1.5122871456959215 -0.3049484185189883 0.12965158119526488
-1.193956257735129 1.5020095523721315 -0.31227012132645965 0.13335672215607308
-1.1931272948014093 1.49168022109621 -0.3196280954519568 0.13715704224021721
-1.1922172934502462 1.4812969266735763 -0.32702395830981706 0.14105447515615377
-1.191224846228947 1.4708573235852658 -0.3344594086292072 0.1450510751463733
-1.189591927497537 1.4626068586080323 -0.3401285974061942 0.1492652700780297
-1.1864482824588416 1.454368617348147 -0.34541214555693206 0.15536360822587256
-1.1820473417056712 1.446660962688558 -0.3499971640346893 0.16288718516087475
-1.1766539034219983 1.440009470231373 -0.35356320316268147 0.1713660767737405
-1.1688264248443514 1.434461543205783 -0.35570862447495966 0.18259606106469928
-1.1609373185309402 1.4287882592829972 -0.3579568220228111 0.19391025375304488
-1.1529834742997336 1.4229855293707003 -0.36031054939352325 0.20531310052583612
-1.144961573250905 1.4170489561737143 -0.36277277147218967 0.2168093526929841
-1.1421950605038775 1.4138418291409192 -0.3645006546292499 0.22105510931574643
-1.1405981665777531 1.4099061074379258 -0.3670703652588276 0.22401801431528676
-1.1404728054443514 1.4065268541902662 -0.3695863084967628 0.22500668545841293
-1.1421303597544794 1.4049901241789482 -0.37115277630082516 0.2233193933555406
-1.1497262010535076 1.4028996403593115 -0.37460019562042296 0.21436661655655112
-1.1572799785146648 1.4007038578137458 -0.37812024810645867 0.20548856915492403
-1.1647921938290853 1.3984039931497017 -0.381711877397352 0.1966845892136542
-1.1722633060775403 1.396001216266274 -0.38537405933048524 0.1879540719154937
-1.172782470902542 1.3958602060125285 -0.3856091677739518 0.1873408089007709
-1.173321265381253 1.3957577103565366 -0.38582025289003047 0.186693424961973
-1.1738743347324219 1.3956905729315916 -0.3860083617896198 0.18601938413616012
-1.1744363274432827 1.3956556537354992 -0.3861745290584889 0.18532614335252226
-1.182342756784539 1.3955911879287246 -0.3881960072648807 0.175462701611649
-1.1902098565049783 1.395417697746469 -0.3902973207911436 0.16566777854720247
-1.1980386430566043 1.3951367499225011 -0.392477203288246 0.15594005732244165
-1.205830072663818 1.3947498354066052 -0.394734438547736 0.14627830697163405
-1.2144988199656495 1.3986505943071805 -0.3940257786739623 0.13441746064300078
-1.2235494701593945 1.402645136907806 -0.3933673800425238 0.12203066648006895
-1.2328707837853319 1.4072362306713373 -0.3923608776707446 0.10912476146237943
-1.2423461693545281 1.4129278225390043 -0.3906092298031824 0.09570943189307844
-1.2529798798170495 1.4200032695777984 -0.3881776164745551 0.08043188772039017
-1.2635200822200063 1.4268679975515606 -0.38592391187486663 0.06528066194335977
-1.2739725819902767 1.433529181693094 -0.38384333112077523 0.05024755878564749
-1.2843427759062542 1.4399933865616843 -0.3819315071507579 0.03532498397109697
-1.2980746567434973 1.4467213521733469 -0.3808003631110627 0.015996281561886403
-1.3112574138563347 1.4497423118454524 -0.3822633301654484 -0.0016704022774420948
-1.3236424273562535 1.4490841211560463 -0.38619569374898366 -0.017329588671490256
-1.3349552472242148 1.4447763424452318 -0.39247119519057444 -0.030610131270227683
-1.3388202173034387 1.4425462265566762 -0.3951618376608189 -0.0349356279311407
-1.3426759456676862 1.4402906241201177 -0.3978686611011924 -0.039242577299202996
-1.3465224057343481 1.438009628399374 -0.4005915615815674 -0.043530942125496096
-1.3503595694722375 1.4357033320810972 -0.4033304357617705 -0.047800683725312154
-1.3506342364442427 1.4355425403687803 -0.4035234226422124 -0.048107545865442164
-1.3509143362870635 1.4353902293566994 -0.4037118653802965 -0.04842377743426619
-1.3511980435215112 1.4352435241098724 -0.4038973107042101 -0.048746224745800384
-1.3514835321070975 1.4350995522046148 -0.40408130297132633 -0.04907173369324547
-1.3588496364329685 1.4291450405449289 -0.41043521150784207 -0.056837234895946234
-1.3661698995734932 1.423092068086615 -0.4168470683693987 -0.0645163824397137
-1.3734438053419622 1.4169413550654546 -0.4233161094417182 -0.07210861625934169
-1.3806708200133353 1.4106936147704114 -0.4298415820402778 -0.07961336323423128
-1.386009771289333 1.4071142551213265 -0.43392043197148217 -0.08545180479234836
-1.3919546516081653 1.4051266701423406 -0.4370334928448034 -0.09252216100551602
-1.3983880006464695 1.4047432590661741 -0.4391432757561474 -0.10068188187899783
-1.4051877765052496 1.4059772217684936 -0.4402126010192026 -0.1097849457031525
-1.4139156759762819 1.4084831588328481 -0.4409484448586592 -0.12175462607799592
-1.4226142282378864 1.4108686598915277 -0.4417859383727165 -0.13367617291233722
-1.4312849416787046 1.4131351786560398 -0.442723966351105 -0.14555143309605612
-1.4399292574966205 1.4152840728649185 -0.4437614733676538 -0.15738215013939957
-1.4459089475916618 1.4189138992604637 -0.4429890616309756 -0.16621925489330794
-1.4516730926408785 1.423523261082917 -0.4414863104022451 -0.17509001053624743
-1.457140302631917 1.429054117140613 -0.43927451947289053 -0.18387628565562722
-1.4622285806189879 1.4354505891371634 -0.4363724349819535 -0.19245895114831152
-1.472478490670119 1.450186885763295 -0.42934169443750464 -0.21041441728112517
-1.4826887572748073 1.4655109157165915 -0.4220436127419965 -0.22865063214360196
-1.4907172280350989 1.478109624921712 -0.41604486076936226 -0.24327906013637976
-1.4945352007981882 1.4847844524375489 -0.4127686093097542 -0.250495608955698
-1.4990422026607708 1.5007420799306945 -0.4035218875246499 -0.26171351652632197
-1.5030315106147447 1.521776079285976 -0.39084689120242555 -0.2740618275133529
-1.5061644136298264 1.5424038974108454 -0.37831882703416214 -0.2852944844850407
-1.5083908085141011 1.5571936100113188 -0.3694308710643412 -0.29342263599996804
-1.5086414973330193 1.558713829410847 -0.36852983738750206 -0.2942925105415752
-1.5088525263648798 1.560234798681876 -0.3676153677787923 -0.29511003923575485
-1.5090223978745896 1.5617609283386111 -0.3666840155014642 -0.2958746881248718
-1.5091495955936862 1.5632966211611954 -0.36573233923136816 -0.2965859023964566
-1.510658112610601 1.5889596915516104 -0.34973366575270265 -0.30775881632512075
-1.511722162399966 1.6145925988911367 -0.3338271911908299 -0.31854929889213923
-1.5123428600340822 1.6402143442459822 -0.31800049250595397 -0.3289650431962251
-1.5125203184525424 1.6658429829084818 -0.30224175624569394 -0.33901240401692484
-1.5125151978342803 1.6667298965998019 -0.3016964006787449 -0.33934884152303385
-1.5124928806924391 1.6676153946718018 -0.30114553166181607 -0.33966115343626385
-1.512454884545877 1.6684996074616707 -0.3005896409675299 -0.33995147938528425
-1.5124027266212374 1.6693826644930163 -0.30002922312372693 -0.34022196064818727
-1.4986097960201876 1.7959758905697993 -0.21981308058783652 -0.37280611358803034
-1.4737797753470447 1.9244854811071348 -0.13914144601730338 -0.39581404888168953
-1.4374208310753955 2.0559652815907823 -0.05696884965825928 -0.40876230873464364
-1.3889634099834625 2.191096390345502 0.027704346020134163 -0.41076280071903726
-1.379723716702199 2.223419199134341 0.04555615380461385 -0.41599410844213264
-1.378145220144089 2.2525158069658335 0.05677149244049821 -0.4322968810796309
-1.3842231653972898 2.2751476177891248 0.05997048784316007 -0.4578076417534612
-1.3982151551020878 2.2876349441781034 0.053783224312127405 -0.4904742213782708
-1.4279589602142164 2.2968517416882577 0.03410762604907301 -0.5491104222636078
-1.4582391783473732 2.304517214043877 0.011868349343258255 -0.6092953894581985
-1.489150347253736 2.310511111139579 -0.013061562533560013 -0.6711303673370815
-1.5207953855043241 2.314693617145408 -0.04080878651325191 -0.7347051355731905
$EndRawThetaValues
$ThetaValues
-0.04080878651325191 -0.7347051355731905
-0.04080878651325191 -0.7347051355731905
-0.04080878651325191 -0.7347051355731905
-0.04080878651325191 -0.7347051355731905
-0.04080878651325191 -0.7347051355731905
-0.06177171173407594 -0.7716330700743663
-0.08637396228592137 -0.8007984459545211
-0.11082806927461608 -0.8184086676255166
-0.13170809611662448 -0.8213701185354818
-0.2523684619160706 -0.772577240441194
-0.36787028422809087 -0.7020614178722873
-0.4833637616156101 -0.6128331972442161
-0.6038148500988576 -0.5040192236151632
-0.6190408724161249 -0.4827776877595135
-0.6283830862415548 -0.45609983637602675
-0.6312974966841204 -0.4275089849874665
-0.6270106823734 -0.40041643144079825
-0.6147068076159995 -0.3604877229514192
-0.6035682793081718 -0.31992687229600786
-0.5936377946796342 -0.2787062891873483
-0.584962380702575 -0.23678672416177174
-0.5763245630458912 -0.21471558559354303
-0.5617568629928973 -0.2027824491486413
-0.5430850153923776 -0.20155956077870393
-0.5223379861667372 -0.21162077992682501
-0.4823659851390553 -0.24087820273128083
-0.44332408041878213 -0.26756012953401326
-0.40499513037828405 -0.2918738480271636
-0.3671977046403383 -0.31396563788452353
-0.3649691560998761 -0.31528904324086954
-0.362781508835769 -0.3167444059487781
-0.36063657527736137 -0.3183313055372871
-0.3585362019515715 -0.32004933650770534
-0.3482474366992933 -0.32883546359865196
-0.3380119096056278 -0.3374640663098076
-0.32782580571131703 -0.3459381633465923
-0.3176854522436993 -0.35426048414319555
-0.3130794957032986 -0.35890490292648164
-0.3092047402153614 -0.3646802260086806
-0.3061653490234187 -0.37144336559701435
-0.3040650655251028 -0.3790504377650532
-0.3031379084256379 -0.3837139848992327
-0.302225412693836 -0.388378030835929
-0.3013275864184833 -0.39304273739829976
-0.3004444394295026 -0.3977082658044056
-0.2999997150474468 -0.4033269447846819
-0.30067913370697025 -0.4089576091666981
-0.3024062109721411 -0.4142448995001331
-0.30509917959912647 -0.4188282706472056
-0.30979970598001233 -0.42495558026204583
-0.31452305595556335 -0.4310540997622228
-0.3192689376241678 -0.4371235150691547
-0.32403705824043655 -0.44316351161811063
-0.3250165604676241 -0.444341969508929
-0.32603075321694686 -0.44544642108940363
-0.3270767533196415 -0.4464731119500096
-0.3281516803478452 -0.44741830059167353
-0.33408403629726463 -0.4523396323225424
-0.3400285001532075 -0.4572112006604779
-0.3459847610004831 -0.4620327169967231
-0.35195251235838193 -0.46680389804321515
-0.35597082086845705 -0.4708380600924639
-0.35933058993653416 -0.4759435379770116
-0.361922805307236 -0.4819114245464191
-0.36363675114868377 -0.4885319808039175
-0.3642683169817054 -0.49200962871318443
-0.3649080636922104 -0.4954882268692844
-0.36555599632284225 -0.4989677952037057
-0.366212119998415 -0.5024483534160631
-0.36686281266957266 -0.5098357425574606
-0.36604206961211144 -0.5167111433917275
-0.3638494008083432 -0.5226072457215429
-0.36037741673012935 -0.5270475271643867
-0.3587044289316117 -0.5285020658530666
-0.35703240664593033 -0.5299527617374877
-0.3553613345844823 -0.5313996222032006
-0.3536911975138537 -0.5328426544559947
-0.3519040977432539 -0.5340904431455323
-0.34997410061363465 -0.53487614582056
-0.34793487108167115 -0.535191105747735
-0.34582055857224503 -0.5350271360873133
-0.34155321726342686 -0.5342066913757921
-0.337282799681828 -0.5333588760491608
-0.33300926807802095 -0.5324836433409402
-0.3287325859586739 -0.5315809463433863
-0.3268355669102199 -0.5303075806043512
-0.3256616936977327 -0.527930926448931
-0.3254298828867746 -0.5252330144062828
-0.326353807465919 -0.5229912704287132
-0.3294479696380281 -0.5195427209485027
-0.3325484894703305 -0.5160819944730565
-0.3356554727296555 -0.5126089836514588
-0.3387690265511262 -0.5091235785433245
-0.34231513936521696 -0.5018448907845391
-0.34276277892547924 -0.4928213950493206
-0.3403321592951875 -0.4838620401761804
-0.33519806347764314 -0.4767300475113096
-0.3336003371648039 -0.4753257612453016
-0.33200359483310166 -0.4739179392868211
-0.33040784325947553 -0.47250658805380763
-0.32881308924076363 -0.4710917139918619
-0.32605984501701557 -0.46897161642709023
-0.3211886545038856 -0.4663448134225709
-0.316258256456516 -0.46378523427651486
-0.31332867663123315 -0.46192003453506963
-0.3042725515609453 -0.45284219084878
-0.2952611420229656 -0.4436545778581909
-0.28629595074619874 -0.43435871049491176
-0.27737849149937993 -0.42495612535996224
-0.2737173910904705 -0.4194162902910402
-0.2713950828272669 -0.4128348142414417
-0.2705572370035328 -0.40579748807510535
-0.2713386199916545 -0.39887932817019756
-0.27593741836157987 -0.38033275449304405
-0.28079078064682306 -0.3609212064952756
-0.28436351392373144 -0.3457718425271942
-0.2849364058126853 -0.3400236549730753
-0.28085187238535403 -0.3369712377315234
-0.27171538361803066 -0.3280439128739516
-0.25922563687989986 -0.3148934167666588
-0.2450691209144729 -0.29922202703674333
-0.22829160763906767 -0.2735352116230433
-0.21778413008786435 -0.24258430704167122
-0.21427827672077812 -0.20877208376476725
-0.21832456079635965 -0.17428972863486947
-0.22299626311031992 -0.15476652555658557
-0.22792821602820038 -0.1351829204132375
-0.2331235263971668 -0.11552531994611548
-0.2385860193947587 -0.0957794562735666
-0.24173485623093327 -0.08023841203386473
-0.242520813543239 -0.06476762598176788
-0.24095459354815035 -0.05004875604465832
-0.23702342050005085 -0.036746196056120485
-0.23293746370542595 -0.026775537556543848
-0.22892380844955795 -0.016759165345820955
-0.22498315192724094 -0.006697107764464671
-0.22111619624494058 0.0034106405219523797
-0.21992094238072427 0.0061100667464754205
-0.21850022169794117 0.008511561102665271
-0.2168666038780893 0.010591224412040154
-0.21503273680119686 0.012325260190448016
-0.20907877016375795 0.017193316655482755
-0.20314954644711625 0.022120564355040437
-0.19724535966789714 0.027106650325092126
-0.1913665095668092 0.03215122122886847
-0.18896823599679294 0.034777751212126645
-0.1870330891391307 0.03808611087942805
-0.1856060426019984 0.041990251616519224
-0.1847320742452263 0.04640485354673648
-0.1841277167862666 0.051269943744365026
-0.1835398953234757 0.056141259607782185
-0.18296866624159863 0.061018894403442374
-0.18241408709850715 0.06590294369805558
-0.18292571277674244 0.07208419803445495
-0.18538092027455735 0.07748952095851469
-0.18906260216294238 0.08109051009826923
-0.19324726766284878 0.08185064185535039
-0.20543750216728573 0.07907846150796233
-0.2176763426263336 0.07653863465004383
-0.22996490739388825 0.07423340549366325
-0.24230447367038405 0.07216513724378003
-0.247429833364827 0.07236825862036517
-0.2527083754447811 0.0744510656493231
-0.2579223117449687 0.0782946095492984
-0.2628579338342856 0.08377571941773453
-0.2677761579926054 0.09028373518685202
-0.27273428953599205 0.09684630773733229
-0.27773346725803183 0.10346508950656093
-0.28277488456796523 0.11014181177284386
-0.2879679618850594 0.11637846617068043
-0.2934599173125297 0.12176334937009539
-0.29915277341565377 0.1262156646437784
-0.3049484185189883 0.12965158119526488
-0.31227012132645965 0.13335672215607308
-0.3196280954519568 0.13715704224021721
-0.32702395830981706 0.14105447515615377
-0.3344594086292072 0.1450510751463733
-0.3401285974061942 0.1492652700780297
-0.34541214555693206 0.15536360822587256
-0.3499971640346893 0.16288718516087475
-0.35356320316268147 0.1713660767737405
-0.35570862447495966 0.18259606106469928
-0.3579568220228111 0.19391025375304488
-0.36031054939352325 0.20531310052583612
-0.36277277147218967 0.2168093526929841
-0.3645006546292499 0.22105510931574643
-0.3670703652588276 0.22401801431528676
-0.3695863084967628 0.22500668545841293
-0.37115277630082516 0.2233193933555406
-0.37460019562042296 0.21436661655655112
-0.37812024810645867 0.20548856915492403
-0.381711877397352 0.1966845892136542
-0.38537405933048524 0.1879540719154937
-0.3856091677739518 0.1873408089007709
-0.38582025289003047 0.186693424961973
-0.3860083617896198 0.18601938413616012
-0.3861745290584889 0.18532614335252226
-0.3881960072648807 0.175462701611649
-0.3902973207911436 0.16566777854720247
-0.392477203288246 0.15594005732244165
-0.394734438547736 0.14627830697163405
-0.3940257786739623 0.13441746064300078
-0.3933673800425238 0.12203066648006895
-0.3923608776707446 0.10912476146237943
-0.3906092298031824 0.09570943189307844
-0.3881776164745551 0.08043188772039017
-0.38592391187486663 0.06528066194335977
-0.38384333112077523 0.05024755878564749
-0.3819315071507579 0.03532498397109697
-0.3808003631110627 0.015996281561886403
-0.3822633301654484 -0.0016704022774420948
-0.38619569374898366 -0.017329588671490256
-0.39247119519057444 -0.030610131270227683
-0.3951618376608189 -0.0349356279311407
-0.3978686611011924 -0.039242577299202996
-0.4005915615815674 -0.043530942125496096
-0.4033304357617705 -0.047800683725312154
-0.4035234226422124 -0.048107545865442164
-0.4037118653802965 -0.04842377743426619
-0.4038973107042101 -0.048746224745800384
-0.40408130297132633 -0.04907173369324547
-0.41043521150784207 -0.056837234895946234
-0.4168470683693987 -0.0645163824397137
-0.4233161094417182 -0.07210861625934169
-0.4298415820402778 -0.07961336323423128
-0.43392043197148217 -0.08545180479234836
-0.4370334928448034 -0.09252216100551602
-0.4391432757561474 -0.10068188187899783
-0.4402126010192026 -0.1097849457031525
-0.4409484448586592 -0.12175462607799592
-0.4417859383727165 -0.13367617291233722
-0.442723966351105 -0.14555143309605612
-0.4437614733676538 -0.15738215013939957
-0.4429890616309756 -0.16621925489330794
-0.4414863104022451 -0.17509001053624743
-0.43927451947289053 -0.18387628565562722
-0.4363724349819535 -0.19245895114831152
-0.42934169443750464 -0.21041441728112517
-0.4220436127419965 -0.22865063214360196
-0.41604486076936226 -0.24327906013637976
-0.4127686093097542 -0.250495608955698
-0.4035218875246499 -0.26171351652632197
-0.39084689120242555 -0.2740618275133529
-0.37831882703416214 -0.2852944844850407
-0.3694308710643412 -0.29342263599996804
-0.36852983738750206 -0.2942925105415752
-0.3676153677787923 -0.29511003923575485
-0.3666840155014642 -0.2958746881248718
-0.36573233923136816 -0.2965859023964566
-0.34973366575270265 -0.30775881632512075
-0.3338271911908299 -0.31854929889213923
-0.31800049250595397 -0.3289650431962251
-0.30224175624569394 -0.33901240401692484
-0.3016964006787449 -0.33934884152303385
-0.30114553166181607 -0.33966115343626385
-0.3005896409675299 -0.33995147938528425
-0.30002922312372693 -0.34022196064818727
-0.21981308058783652 -0.37280611358803034
-0.13914144601730338 -0.39581404888168953
-0.05696884965825928 -0.40876230873464364
0.027704346020134163 -0.41076280071903726
0.04555615380461385 -0.41599410844213264
0.05677149244049821 -0.4322968810796309
0.05997048784316007 -0.4578076417534612
0.053783224312127405 -0.4904742213782708
0.03410762604907301 -0.5491104222636078
0.011868349343258255 -0.6092953894581985
-0.013061562533560013 -0.6711303673370815
-0.04080878651325191 -0.7347051355731905
$EndThetaValues
$RotorRadiiValues
0.0 13.730571121377311 11.672641601341446 -1.0569904713798246 -1.2057295225011901
0.023444721295446218 13.730571121377311 11.672641601341446 -1.0804351926752709 -1.2291742437966364
0.046889442590892436 13.730571121377311 11.672641601341446 -1.103879913970717 -1.2526189650920825
0.07033416388633865 13.730571121377311 11.672641601341446 -1.1273246352661632 -1.2760636863875288
0.09377888518178487 13.730571121377311 11.672641601341446 -1.1507693565616095 -1.299508407682975
0.1172236064772311 13.875107076463815 11.70766490545629 -1.170949742065967 -1.3162391971647431
0.1406683277726773 13.990463578011395 11.751513851776096 -1.1921352735938047 -1.3319396260473375
0.16411304906812352 14.06057366010746 11.797980615679206 -1.2143501006569453 -1.347839244748558
0.18755777036356974 14.072395173227509 11.839883741854297 -1.2375978263239313 -1.3649678151177969
0.21100249165901597 13.87882571928046 12.120077465893598 -1.2646511113893593 -1.354406404299357
0.2344472129544622 13.604409748176398 12.443275354099073 -1.294705446905824 -1.3496951760519145
0.2578919342499084 13.268740672187509 12.811925443826967 -1.328954882405251 -1.3496351814593843
0.2813366555453546 12.882000993569113 13.23566441884468 -1.3693785292887486 -1.3536466670789769
0.3047813768408008 12.809954157413767 13.29160599747526 -1.3966318788515732 -1.375002604062175
0.32822609813624704 12.721248773530773 13.326163978147669 -1.4250891617393953 -1.3972061605783714
0.35167081943169326 12.628494977418672 13.336980268662366 -1.4541885999730064 -1.4202699648755541
0.3751155407271395 12.542924508677165 13.321076367713935 -1.483260443252207 -1.4442760112908553
0.3985602620225857 12.421167521339129 13.275633609465215 -1.5154711774000036 -1.4693677289410816
0.42200498331803193 12.303118335978937 13.234762472791035 -1.5483897905352708 -1.4943494945496696
0.44544970461347816 12.189338828744285 13.198544744953127 -1.5820378601306053 -1.5192015585658523
0.4688944259089244 12.08041098708829 13.167078999745327 -1.6164369337639428 -1.543904368742301
0.49233914720437055 12.025935564483396 13.135915054434797 -1.645876396614997 -1.5686282910930591
0.5157838684998168 11.997334877026619 13.083740745230248 -1.6726258540577241 -1.5942905637441698
0.539228589795263 11.994438189478675 13.017595659632425 -1.6964117263984066 -1.6206883302738757
0.5626733110907092 12.018460075092781 12.945099262660056 -1.7170633838608886 -1.6475605826865913
0.5861180323861555 12.090730917593985 12.808569946616364 -1.7325662576970062 -1.6780439519482833
0.6095627536816016 12.15969252171662 12.67949889986498 -1.7490075203364412 -1.7089165244718765
0.6330074749770479 12.224983831885833 12.557222530670447 -1.7662741236658563 -1.7401830874532451
0.6564521962724941 12.286269090654661 12.441253515832644 -1.7842770551856637 -1.771850871953738
0.6798969175679404 12.289998329608474 12.43456533443309 -1.8074010362538462 -1.7957961001985212
0.7033416388633865 12.294106886501538 12.428016456747804 -1.8304937249314541 -1.8197338307995357
0.7267863601588328 12.298595681361897 12.42161142404761 -1.8535554195807533 -1.8436635579284495
0.750231081454279 12.303465848882738 12.415354837262589 -1.8765864321635786 -1.8675847645894588
0.7736758027497251 12.32854102233069 12.3849282922545 -1.8979312047232795 -1.8933857553834366
0.7971205240451714 12.353438888430055 12.355028719699272 -1.919339423064812 -1.9192109882619293
0.8205652453406176 12.3781501378601 12.325645214417046 -1.940809105573781 -1.9450606174959533
0.8440099666360639 12.402665585936672 12.29676766428693 -1.9623383777004886 -1.9709348106649918
0.86745468793151 12.416452019022252 12.283775645451556 -1.9847246171927369 -1.995494645279459
0.8908994092269563 12.433699460425832 12.272907030963005 -2.0068636094543257 -2.0198830438521367
0.9143441305224025 12.454042209177981 12.264420763374455 -2.0287940877741653 -2.0440715594437355
0.9377888518178488 12.477108691655932 12.258576778610436 -2.0505547682619945 -2.068032086375185
0.9612335731132949 12.491345689067455 12.256002256898544 -2.072977133465591 -2.091704981569021
0.9846782944087411 12.505656512750422 12.25347160377818 -2.0954070469497807 -2.115374552238878
1.0081230157041874 12.520041127347449 12.250984694630047 -2.1178444886120884 -2.1390407826545914
1.0315677369996337 12.534499504520134 12.248541411583753 -2.140289438980429 -2.1627036568794336
1.0550124582950797 12.552005431891002 12.247312167545655 -2.162540358338603 -2.1862583325745053
1.078457179590526 12.569650547196417 12.249190421265421 -2.1847999498624064 -2.2095351001573507
1.1019019008859723 12.586311550514923 12.253972768343296 -2.207142053621764 -2.232553585609833
1.1253466221814183 12.600825810409216 12.261452106666765 -2.2296389890056814 -2.255335703591213
1.1487913434768646 12.620331907839718 12.274572267956957 -2.251828327823093 -2.2776297458039574
1.172236064772311 12.639861775425274 12.287839055425598 -2.2740368412983747 -2.2999257552802863
1.1956807860677572 12.659411519096613 12.301252277928548 -2.296264420621888 -2.322223935022352
1.2191255073632032 12.678977262785489 12.31481170945081 -2.3185109532896533 -2.3445244868345414
1.2425702286586495 12.682807493373137 12.317607478799 -2.341723416502012 -2.367735127619761
1.2660149499540958 12.686400955979108 12.320505948531649 -2.3649509158814714 -2.39093782448008
1.289459671249542 12.689744677907571 12.323499241217608 -2.3881941001530747 -2.4141333002910432
1.3129043925449881 12.692825737916444 12.326579454041887 -2.41145361625437 -2.4373222742857137
1.3363491138404344 12.70891074010918 12.343653880052674 -2.4339391881789467 -2.4593627062720387
1.3597938351358807 12.724903323986362 12.36089006269243 -2.456442992574125 -2.481412428195984
1.3832385564313268 12.74079976260538 12.378286724886209 -2.478964829064984 -2.5034716249414095
1.406683277726773 12.75659639142674 12.395842561393218 -2.5015044960961488 -2.5255404767680396
1.4301279990222193 12.770003755145874 12.407733811139508 -2.524190333301261 -2.548065743757323
1.4535727203176656 12.7870378380589 12.417719365051749 -2.546683002879285 -2.570746009735254
1.4770174416131117 12.807042187234607 12.425450361366009 -2.5690267002548106 -2.593603608219511
1.500462162908558 12.82935007853861 12.430574729264011 -2.591264930378812 -2.6166614179609797
1.5239068842040042 12.841116245264894 12.432465534507676 -2.614082203957496 -2.6399638262741036
1.5473516054994503 12.852918584036358 12.434382227094588 -2.6369036463353055 -2.6632645332499782
1.5707963267948966 12.864756956337697 12.43632487455401 -2.6597292576524376 -2.686563543280518
1.5942410480903428 12.876631223309385 12.438293545283539 -2.682559038049299 -2.709860860816758
1.6176857693857891 12.901940764201182 12.440247374631188 -2.704712963936563 -2.7331595471512697
1.6411304906812352 12.925624972764076 12.437783175040368 -2.7269739345746413 -2.7567884922214443
1.6645752119766815 12.946033196625327 12.431211214817823 -2.7494170127064965 -2.7807265343620147
1.6880199332721277 12.961461061857424 12.42083861893872 -2.7721156343355124 -2.8049558398888683
1.7114646545675738 12.966525762083945 12.415855389384939 -2.795317485979767 -2.8287801174935367
1.73490937586302 12.971582396467037 12.410884714740162 -2.8185207342420417 -2.8526051507955015
1.7583540971584664 12.97663093183718 12.405926558437516 -2.8417253718156696 -2.8764309408695397
1.7817988184539126 12.981671334886077 12.400980884335986 -2.8649313914524157 -2.9002574888068677
1.8052435397493587 12.986033961305814 12.395699633245322 -2.888170308862429 -2.9241118510710997
1.828688261044805 12.988782993597686 12.390008639973855 -2.9114857264409495 -2.948000214809828
1.8521329823402513 12.989885412928436 12.384009753663856 -2.934878676593583 -2.9719150924353777
1.8755777036356975 12.989311457321513 12.37780544888083 -2.958350345763904 -2.99584880373913
1.8990224249311436 12.986440596073466 12.365331366876482 -2.9819300490468654 -3.0202851750715016
1.9224671462265899 12.98347572223725 12.352913092291553 -3.00551450865553 -3.0447285636705894
1.9459118675220362 12.980416849331162 12.34055107926406 -3.0291037572696515 -3.0691789780596297
1.9693565888174822 12.977263997083524 12.32824578903831 -3.0526978284613113 -3.093636426195599
1.9928013101129285 12.972819980771064 12.322808695810751 -3.0763537224881654 -3.1175323768244363
2.0162460314083748 12.964536418860103 12.319450776863084 -3.1001941376734496 -3.1412569365801293
2.039690752703821 12.955150438681839 12.318788264123572 -3.1240904923031643 -3.1647569748745505
2.0631354739992673 12.947365517010308 12.321429994117093 -3.1479124680031667 -3.1879813297014783
2.0865801952947134 12.935414778391445 12.330299556296353 -3.1719410490217896 -3.210690190618525
2.1100249165901594 12.923452585564274 12.339222108540726 -3.195975977632462 -3.2334008381165544
2.133469637885606 12.911479124297724 12.34819800945841 -3.2200173184909655 -3.2561132733419544
2.156914359181052 12.899494581516432 12.357227624575017 -3.2440651372829636 -3.2788274975633662
2.180359080476498 12.874570130120453 12.367553845313687 -3.268783378081361 -3.301444312142042
2.2038038017719446 12.843867501435513 12.368860542859903 -3.293833284735528 -3.3247848325538323
2.2272485230673906 12.813602175605123 12.36177392267116 -3.318900679398749 -3.3487961832087603
2.2506932443628367 12.789668510679833 12.346874402449709 -3.343657692028864 -3.3734444780644317
2.274137965658283 12.784972753462252 12.34225695111875 -3.3673629521346102 -3.397265604629103
2.2975826869537292 12.780270748544615 12.337651518977204 -3.3910695778966025 -3.421087377398429
2.3210274082491757 12.775562574928824 12.333058130559266 -3.414777573408851 -3.4449097923773113
2.344472129544622 12.770848311946683 12.328476810213383 -3.4384869427556515 -3.46873284554632
2.367916850840068 12.763794939889166 12.320589145468883 -3.4623295651544783 -3.4928327881726444
2.3913615721355144 12.755073590360166 12.306701493520606 -3.4862695205297887 -3.5174431265033164
2.4148062934309604 12.746594457941026 12.292733593966785 -3.5101991802424406 -3.5420758922205398
2.4382510147264065 12.740427481658488 12.28447650178027 -3.53399876087037 -3.5662304599414076
2.461695736021853 12.710557338538322 12.259153366341197 -3.55918835106551 -3.591887947943634
2.485140457317299 12.680572824113735 12.234260967268618 -3.584429060431321 -3.6175620414535166
2.508585178612745 12.65049210192711 12.209802702672503 -3.609721628795116 -3.643251783756449
2.5320298999081916 12.620333648331563 12.185781679377309 -3.6350667731675586 -3.6689561956341974
2.5554746212036377 12.602692675074595 12.176009280028923 -3.6596459332178597 -3.6933362880903706
2.578919342499084 12.581859512082245 12.169837650365114 -3.6844525854359973 -3.7173766316173924
2.6023640637945302 12.559735011130352 12.16761623855879 -3.7093705855345696 -3.74103667942067
2.6258087850899763 12.53813972088084 12.169687861643899 -3.7342807495896717 -3.7642805778883117
2.649253506385423 12.481016143318715 12.181928843222227 -3.7617375472379893 -3.7865474508575874
2.672698227680869 12.422460455139293 12.19493698105475 -3.7895109731143166 -3.8087567222754517
2.696142948976315 12.377662680855677 12.204571166791272 -3.8164253341982923 -3.8312969877437535
2.7195876702717614 12.360875962499973 12.206120610585424 -3.8412073953945107 -3.8545970741230824
2.7430323915672075 12.352009626059033 12.195101304761486 -3.8653669163656215 -3.8790753847752972
2.7664771128626535 12.326270456263533 12.170687604661266 -3.8909206168239976 -3.90485214582402
2.7899218341581 12.288882810332485 12.137844800292372 -3.9175217742982467 -3.9315293423796405
2.813366555453546 12.245164388792835 12.101372583007779 -3.944804866892863 -3.958699473794322
2.836811276748992 12.175524366204764 12.059203746526729 -3.9747196043518165 -3.9866429033486845
2.8602559980444386 12.095054452024888 12.033387508415485 -4.006249505094071 -4.012950613029222
2.8837007193398847 12.011614897905115 12.024876792383653 -4.038878429927966 -4.03735829505723
2.907145440635331 11.931523791660709 12.034704044246533 -4.072054212282641 -4.0596919564439835
2.9305901619307773 11.888492444500736 12.046135766575212 -4.101165876209821 -4.081860270710808
2.9540348832262233 11.847053380620626 12.058303232308708 -4.130405431134171 -4.1039649418833
2.97747960452167 11.807229997501365 12.071229635198177 -4.159774572522993 -4.126006390727914
3.000924325817116 11.769049099553696 12.084940897682754 -4.189275207042414 -4.147984944322986
3.024369047112562 11.74030382375353 12.092900325949364 -4.217557599655126 -4.170588836558137
3.0478137684080084 11.71284705031272 12.094893336796515 -4.245878348077378 -4.193824181260675
3.0712584897034545 11.68781124898912 12.090924249657755 -4.274015981802723 -4.217686335012447
3.0947032109989006 11.66610633678811 12.081006135519846 -4.301745657305704 -4.242182267404554
3.118147932294347 11.650417212324662 12.070764767442396 -4.328428342450389 -4.266724826571519
3.141592653589793 11.635159988967084 12.060771697947125 -4.355147846124554 -4.291253135394063
3.1650373748852396 11.620345168468486 12.051025370922991 -4.381903820447 -4.315766706267215
3.1884820961806857 11.605983224350325 12.041524226467928 -4.408695899108741 -4.3402650537452265
3.2119268174761317 11.602236294131634 12.038600128272043 -4.433038068830052 -4.364036397090136
3.2353715387715782 11.598934417014723 12.035132233564642 -4.457282403114429 -4.387869936328045
3.2588162600670243 11.596099041169646 12.031155146949578 -4.481420495633085 -4.4117625226762645
3.2822609813624704 11.59375194548046 12.02670392655325 -4.505443999877249 -4.435711003409734
3.305705702657917 11.587245857982944 12.01235018582924 -4.530516678617114 -4.460798496314798
3.329150423953363 11.580785663029827 11.99820567859728 -4.555613755324977 -4.485890089629864
3.352595145248809 11.574376716015456 11.984270246602277 -4.5807351947510195 -4.510985488190217
3.3760398665442555 11.568024410186373 11.9705436907016 -4.605880955492164 -4.536084393794425
3.3994845878397015 11.564769602236135 11.96498689844237 -4.63021317161669 -4.560206955560679
3.4229293091351476 11.560721245118593 11.960521381632175 -4.654777527509548 -4.584199889560617
3.446374030430594 11.556017659978627 11.95723879230832 -4.679545991274941 -4.608049606719132
3.46981875172604 11.550795556995599 11.95523281464611 -4.704490716788079 -4.631742663242254
3.4932634730214867 11.545159436454934 11.95384761157806 -4.7295923541461065 -4.655359245147848
3.5167081943169327 11.539641292795476 11.95250183984057 -4.754700069784067 -4.678971230073544
3.5401529156123788 11.534241815689702 11.951195501879896 -4.7798138272226725 -4.702578593115259
3.5635976369078253 11.528961698430807 11.949928605698114 -4.804933589846993 -4.726181309256699
3.5870423582032713 11.522461069819537 11.95109732971377 -4.830503577133836 -4.749480269482669
3.6104870794987174 11.516943444660702 11.95672176122309 -4.855811536830482 -4.772226601564068
3.633931800794164 11.513354310255062 11.96520507273157 -4.880499936943953 -4.794627464233212
3.65737652208961 11.512605552878743 11.974918839228165 -4.904207427551084 -4.816890698835289
3.680821243385056 11.515351182376325 12.00364597699647 -4.926694241390628 -4.836924130535947
3.7042659646805025 11.517902775256285 12.033125075661758 -4.949262331230171 -4.856990128596872
3.7277106859759486 11.520248527798152 12.06335738875744 -4.971912221808342 -4.877089605308417
3.751155407271395 11.522377298888966 12.094344496195356 -4.994644493903859 -4.897223432592364
3.774600128566841 11.522167225016657 12.107398412441066 -5.018159155096811 -4.919307293949268
3.798044849862287 11.520025828133793 12.12095375392877 -5.042321399793211 -4.941359353589507
3.8214895711577337 11.51613498547458 12.13445331045268 -5.067091918112481 -4.963437338206209
3.8449342924531797 11.51072312876872 12.147332448956764 -5.092431048903936 -4.985596446888348
3.868379013748626 11.504506522985297 12.160262470607993 -5.118130672167082 -5.007768025644099
3.8918237350440723 11.498468373058074 12.173394065082288 -5.143855119137708 -5.029937328936883
3.9152684563395184 11.492613654131576 12.186731981450194 -5.16960489659268 -5.052104295790095
3.9387131776349644 11.4869475702749 12.200281190659048 -5.195380533088766 -5.074268861348914
3.962157898930411 11.481873115169556 12.21434081316089 -5.221007488559697 -5.096403765727926
3.985602620225857 11.477661610941821 12.229322319480152 -5.246340104522421 -5.118473095705031
4.0090473415213035 11.474298601519367 12.244973238587448 -5.271348267272749 -5.140502799500169
4.0324920628167495 11.471777151916854 12.261032669388081 -5.296001017381355 -5.16251817409507
4.055936784112196 11.469130300469997 12.281500755407558 -5.320749846030476 -5.184173438995389
4.079381505407642 11.466493345682885 12.302270737234641 -5.345533667269169 -5.20583819938005
4.102826226703088 11.463871029590837 12.323348064748936 -5.37035323192536 -5.227512426979228
4.126270947998535 11.461268346054156 12.344738539566729 -5.395209332300403 -5.249196090696837
4.149715669293981 11.458618780699743 12.36118137924962 -5.420143923722201 -5.271310876728194
4.173160390589427 11.454957176774176 12.376608806580132 -5.445747503729316 -5.293526125406091
4.196605111884873 11.450721483234178 12.390076570130827 -5.471860070593255 -5.315911756496392
4.220049833180319 11.44632153949543 12.400602263663039 -5.498316865884502 -5.338537805624008
4.243494554475766 11.44110463287106 12.406956186349303 -5.525759084950025 -5.36149212269095
4.266939275771212 11.436553840204471 12.41363166723515 -5.553239552489558 -5.384424666197409
4.290383997066658 11.432685042390414 12.420639259630148 -5.5807588387703895 -5.407335055372176
4.313828718362104 11.429515133410577 12.427990333787246 -5.608317573107106 -5.430222882706545
4.33727343965755 11.428530130444424 12.433161459960463 -5.633282958149927 -5.453278063320536
4.360718160952996 11.427902127158555 12.440870895390807 -5.65778923296084 -5.476145388841198
4.384162882248443 11.427703437809896 12.448440873164905 -5.681588237507561 -5.4990270334695595
4.407607603543889 11.42804580462851 12.453164948389109 -5.704428347703146 -5.522122293463438
4.431052324839335 11.430127250137263 12.463590797267225 -5.724666582122129 -5.544800963396879
4.454497046134781 11.43263114405104 12.47427768122907 -5.744934637859229 -5.567467796165516
4.477941767430227 11.435546183344744 12.485224715014445 -5.76523277535781 -5.5901232983090585
4.501386488725673 11.438861206464498 12.496431083180465 -5.785561246556091 -5.612767969985606
4.52483121002112 11.439109932407721 12.497152042437271 -5.808787238148453 -5.636161490204618
4.548275931316566 11.439374755553356 12.49779949028549 -5.832001084882933 -5.659560258727389
4.571720652612012 11.439652947728653 12.498376589025403 -5.855205452459396 -5.682964042350134
4.5951653739074585 11.439941686601568 12.498886470569971 -5.8784030030208925 -5.706372611445914
4.6186100952029046 11.44433774665524 12.505096655637008 -5.898334367483818 -5.729378308860829
4.6420548164983515 11.449234890970263 12.511566393564104 -5.918296946508102 -5.752368194947983
4.665499537793798 11.454621629724882 12.51829337824514 -5.938290888695131 -5.7753427209630654
4.688944259089244 11.460486705738912 12.525275472166927 -5.958316342083609 -5.798302330338808
4.71238898038469 11.468386338920274 12.52308164755316 -5.977575659269078 -5.821899158892745
4.735833701680136 11.477456650786829 12.521044888817945 -5.99666499207706 -5.845485358314299
4.759278422975582 11.487795092792238 12.5179340108086 -6.015590356001515 -5.869146654926937
4.782723144271029 11.499497791783883 12.5125279693489 -6.034359180638628 -5.892969141902123
4.806167865566475 11.514005579082394 12.505040096433813 -6.052508390829487 -5.916940066836545
4.829612586861921 11.529627398741894 12.49811749088434 -6.0707349120635925 -5.940874353683216
4.853057308157367 11.546333491885997 12.491741593474774 -6.089037662423392 -5.964772621926802
4.876502029452813 11.564096011148589 12.485895529465164 -6.107415676703683 -5.988635446400886
4.89994675074826 11.588834310997365 12.482442399787118 -6.124356996467714 -6.0123281469139185
4.923391472043706 11.61313742143667 12.4869093204303 -6.141920001456699 -6.035452229256088
4.946836193339152 11.636015252090473 12.49895142063947 -6.160204309563318 -6.058038826877928
4.970280914634598 11.656392036226526 12.518274816203586 -6.17931342692661 -6.08012539143051
4.993725635930044 11.663220332181224 12.526599379788172 -6.201354413382361 -6.102992055707815
5.01717035722549 11.670112373224061 12.53499782608688 -6.2234055940390025 -6.125857825085932
5.040615078520937 11.677066609147769 12.543470149281813 -6.245466975683045 -6.1487227702398
5.064059799816383 11.684081493649964 12.552016340269263 -6.267538563939246 -6.171586961605627
5.087504521111829 11.684589130404431 12.552619434088081 -6.290884762146334 -6.194990877722032
5.110949242407275 11.685112755046326 12.553208442763934 -6.31422797506059 -6.218395767384099
5.134393963702721 11.685647182008259 12.553788193941534 -6.337569216728895 -6.241801302899271
5.157838684998168 11.68618720567644 12.554363511666457 -6.360909500426938 -6.265207157495811
5.181283406293614 11.699225539793526 12.57429775374629 -6.381870078273325 -6.287317036553346
5.2047281275890604 11.712410777002095 12.59454379505355 -6.402872377656287 -6.309429266891273
5.2281728488845065 11.725730406638174 12.615101261319287 -6.423916360606217 -6.3315444237807235
5.251617570179953 11.739172010004355 12.635969703895794 -6.445001972375412 -6.353663075894664
5.275062291475399 11.749817440453388 12.64908032400239 -6.466621139630749 -6.376286624797453
5.298507012770846 11.762928423832518 12.659120737006774 -6.4878667122548235 -6.39910860407101
5.321951734066292 11.778356362040496 12.665942022513729 -6.508789478996423 -6.422133247284939
5.345396455361738 11.795940657437383 12.669404464274193 -6.529441287510342 -6.445365662533528
5.368841176657184 11.819655414220405 12.671789104109122 -6.5492472944662055 -6.468664525065941
5.39228589795263 11.843937669691915 12.674505139976208 -6.5691067778360175 -6.491943473950389
5.415730619248077 11.86877586932563 12.677549714778978 -6.589019537129228 -6.515202820650901
5.439175340543523 11.894158699325592 12.680920242244138 -6.608985380078991 -6.538442874292646
5.462620061838969 11.913529534624342 12.678410617658791 -6.6298578969486 -6.562039931660963
5.486064783134415 11.93332384338297 12.673533188455236 -6.650743650230092 -6.585781638331503
5.509509504429861 11.953271794703767 12.666366799955014 -6.671676808161195 -6.609664938267308
5.532954225725307 11.973083139669695 12.65698619668011 -6.692690567114931 -6.63368776694321
5.556398947020754 12.015557086710798 12.634366423164137 -6.711122260069093 -6.658545500408769
5.5798436683162 12.060093976907204 12.611047178450509 -6.7295780868736665 -6.68347559962942
5.603288389611646 12.096818466988488 12.592003651722747 -6.7490969961457346 -6.708155441674261
5.626733110907092 12.115257651724605 12.581650638827872 -6.77063032024378 -6.732280132082708
5.650177832202538 12.144337534732125 12.55261463629515 -6.791137370799147 -6.757664513346205
5.673622553497984 12.176926434388099 12.513260863796887 -6.811396031591797 -6.783817232855559
5.697067274793431 12.207089713499064 12.4748818079997 -6.83198633205296 -6.809994270976286
5.720511996088877 12.229220231106682 12.447972567603406 -6.853391774120693 -6.8354108705188
5.743956717384323 12.231603611059633 12.44525953216315 -6.87661956310751 -6.859057040604348
5.767401438679769 12.233846194884263 12.442508869312812 -6.899860637942321 -6.882706505189157
5.7908461599752155 12.23594602391538 12.439710357700012 -6.923115088423528 -6.906360050435836
5.814290881270662 12.2379011086692 12.436853839061904 -6.946383011734522 -6.930018466032781
5.8377356025661085 12.268865569700028 12.389300583087556 -6.967072690561835 -6.957102914953095
5.8611803238615545 12.299213034271212 12.342912003509454 -6.9878968337971585 -6.984254465178923
5.884625045157001 12.328912938185622 12.297659159418519 -7.008849674672399 -7.011473881357753
5.908069766452447 12.357934903725436 12.253516902296127 -7.029925944951117 -7.038761994570885
5.931514487747893 12.358912972647662 12.25200591386984 -7.053291960335649 -7.0623412289669325
5.95495920904334 12.359821266555825 12.250480787634732 -7.076663654624899 -7.085921925204136
5.978403930338786 12.360665930743249 12.248942918806536 -7.100040520043824 -7.109503964793717
6.001848651634232 12.361453129749302 12.247393706443622 -7.123422049823052 -7.133087228221497
6.025293372929678 12.458160031009278 12.038336547045489 -7.139440154600379 -7.177432449565473
6.048738094225124 12.528620811261522 11.855288639866119 -7.157864778234867 -7.223928555514298
6.072182815520571 12.569036827741074 11.69944908499609 -7.178566503989534 -7.272727507400964
6.095627536816017 12.575328994299944 11.573617144754326 -7.201592734667513 -7.323968887759442
6.119072258111463 12.59184301550676 11.551791536892559 -7.223949814475338 -7.353455590175519
6.142516979406909 12.643855662340906 11.538936543785516 -7.244067462479913 -7.380724291958926
6.165961700702355 12.726866114913175 11.535391749636279 -7.262496242424555 -7.4052635432996485
6.189406421997801 12.835917320022775 11.542296772522636 -7.279858229695507 -7.426592810185564
6.212851143293248 13.038849377992197 11.565596596399809 -7.293344320369688 -7.443353176645834
6.236295864588694 13.255744982240309 11.594368888741945 -7.307844598492362 -7.459326319557248
6.25974058588414 13.486427397109967 11.629656017780926 -7.323431163243514 -7.4745101230514095
6.283185307179586 13.730571121377311 11.672641601341446 -7.340175778559411 -7.488914829680777
$EndRotorRadiiValues
